0.8724199 0.1327470 0.0995604 0.1205359 0.1014511 0.0958061 0.1003002 0.1046039 0.1022767 0.0943853 0.1002629 0.1041705 0.0912173 0.0916896 0.0840664 0.0853874 -0.0111521 0.0113878 0.0138575 0.0036494 -0.0015103 0.0258880 0.0040709 0.0088742 0.0150888 0.0099366 0.0133283 -0.0024371 0.0035223 -0.0037881 0.0079124 -0.0026630 0.0078059 0.0143741 -0.0011835 0.0130397 0.0070414 0.0058486 0.0114723 0.0029005 0.0008134 -0.0085216 -0.0036299 -0.0028512 0.0127535 0.0007941 -0.0041515 -0.0143925 -0.0581799 -0.0188837 -0.0311265 -0.0374168 -0.0339101 -0.0169685 -0.0317015 -0.0331501 -0.0488794 -0.0379400 -0.0205014 -0.0323278 -0.0248107 -0.0409229 -0.0407339 -0.0127432 -0.0288947 -0.0108768 -0.0366874 -0.0143675 -0.0412456 -0.0006796 -0.0378865 -0.0569659 -0.0537956 -0.0176366 -0.0351167 -0.0346068 -0.0385283 -0.0548699 -0.0337639 -0.1081889 -0.1122896 -0.0522668 -0.0450649 -0.0315473 -0.0732000 -0.0575092 -0.1362066 -0.0490709 -0.0728063 -0.0592369 -0.0580250 -0.0359506 -0.0948746 -0.0451286 -0.1268357
0.1327470 0.8602590 0.0921959 0.1245757 0.0979162 0.0940181 0.0986059 0.1007977 0.0998172 0.0943271 0.1002829 0.1001774 0.0931424 0.0907971 0.0802995 0.0874034 -0.0230870 0.0064751 0.0077596 -0.0007696 -0.0117512 0.0161310 -0.0013038 -0.0064174 0.0178279 0.0093935 0.0164224 0.0056128 0.0080308 0.0056075 0.0115714 0.0031104 0.0093765 0.0162593 0.0028601 0.0167273 0.0072825 0.0109074 0.0125458 0.0091553 0.0017512 -0.0030403 -0.0017725 -0.0020214 0.0102020 0.0051203 -0.0054196 -0.0180614 -0.0601135 -0.0128584 -0.0320859 -0.0390255 -0.0318069 -0.0174659 -0.0306167 -0.0326972 -0.0503938 -0.0371203 -0.0135742 -0.0293670 -0.0201641 -0.0316103 -0.0321047 -0.0123011 -0.0237445 -0.0086857 -0.0333745 -0.0153389 -0.0399267 0.0030251 -0.0401118 -0.0593961 -0.0520531 -0.0198239 -0.0332841 -0.0279913 -0.0384970 -0.0568269 -0.0323349 -0.1157003 -0.1167345 -0.0503644 -0.0453945 -0.0337023 -0.0782721 -0.0545915 -0.1441763 -0.0454066 -0.0762433 -0.0628853 -0.0622150 -0.0347561 -0.1029798 -0.0421360 -0.1327226
0.0995604 0.0921959 0.8647407 0.0909661 0.1459105 0.1377523 0.1603342 0.1454374 0.1092703 0.1027383 0.1051981 0.1049260 0.1023163 0.0995585 0.0924742 0.0904485 -0.0189264 0.0063344 0.0146772 -0.0007429 -0.0081765 0.0204901 0.0011650 -0.0021941 0.0139942 0.0074989 0.0186513 0.0043841 0.0026924 0.0026291 0.0131742 -0.0069848 0.0149176 0.0180657 0.0013591 0.0196191 0.0094992 0.0063761 0.0146134 0.0119894 0.0026577 -0.0089499 -0.0008076 -0.0027405 0.0137626 0.0033904 -0.0077847 -0.0142806 -0.0627955 -0.0174439 -0.0300949 -0.0449794 -0.0312624 -0.0185915 -0.0343725 -0.0347589 -0.0509827 -0.0409991 -0.0240648 -0.0359778 -0.0277035 -0.0453189 -0.0432030 -0.0155323 -0.0296349 -0.0159016 -0.0377736 -0.0122523 -0.0449427 -0.0024285 -0.0428364 -0.0616408 -0.0580993 -0.0164318 -0.0319166 -0.0363120 -0.0451150 -0.0599451 -0.0341922 -0.1233996 -0.1290935 -0.0556216 -0.0447764 -0.0383702 -0.0834987 -0.0563760 -0.1516235 -0.0576972 -0.0810287 -0.0544601 -0.0532090 -0.0388269 -0.1082451 -0.0529841 -0.1395861
0.1205359 0.1245757 0.0909661 0.8748169 0.0928661 0.0885726 0.0926603 0.0979068 0.0954002 0.0869082 0.0947793 0.0916364 0.0862424 0.0857691 0.0797082 0.0818217 -0.0237962 0.0014371 0.0052457 -0.0076512 -0.0157008 0.0093033 -0.0060679 -0.0047782 0.0180860 0.0095641 0.0189005 0.0081930 0.0111958 0.0058567 0.0163933 0.0018522 0.0132541 0.0178013 0.0052603 0.0172217 0.0108427 0.0144618 0.0165510 0.0097650 0.0035592 -0.0040026 0.0089206 0.0003123 0.0143909 0.0035629 -0.0024928 -0.0083062 -0.0569811 -0.0132222 -0.0259697 -0.0403117 -0.0290700 -0.0182944 -0.0242853 -0.0312388 -0.0485998 -0.0351980 -0.0134181 -0.0245426 -0.0216203 -0.0350300 -0.0334381 -0.0077302 -0.0178209 -0.0087223 -0.0349557 -0.0053163 -0.0370657 0.0063350 -0.0372163 -0.0558988 -0.0542720 -0.0150059 -0.0304049 -0.0297040 -0.0398480 -0.0529126 -0.0321759 -0.1153956 -0.1181542 -0.0496569 -0.0378878 -0.0308030 -0.0770801 -0.0557309 -0.1472154 -0.0443148 -0.0762835 -0.0507852 -0.0505743 -0.0305490 -0.1049072 -0.0433094 -0.1318464
0.1014511 0.0979162 0.1459105 0.0928661 0.8872614 0.1549919 0.1610813 0.1577614 0.1136231 0.1043658 0.1101834 0.1091672 0.1064107 0.1052297 0.0882508 0.0930793 -0.0184409 0.0139185 0.0151374 0.0050038 -0.0038636 0.0282137 0.0044384 0.0032328 0.0174792 0.0078674 0.0169442 -0.0001097 0.0014341 -0.0010010 0.0127604 -0.0051608 0.0109016 0.0174868 -0.0025222 0.0171724 0.0062453 0.0081794 0.0159382 0.0078880 0.0059045 -0.0084630 -0.0029572 -0.0004062 0.0127565 -0.0012829 -0.0081462 -0.0169413 -0.0606423 -0.0169813 -0.0351336 -0.0409355 -0.0333368 -0.0167432 -0.0354425 -0.0364921 -0.0530679 -0.0422984 -0.0261655 -0.0415955 -0.0318415 -0.0460960 -0.0465458 -0.0161893 -0.0250842 -0.0121695 -0.0400702 -0.0153842 -0.0440143 0.0021279 -0.0438578 -0.0644516 -0.0633665 -0.0158048 -0.0326035 -0.0370708 -0.0452130 -0.0604559 -0.0354688 -0.1267895 -0.1312063 -0.0574240 -0.0481227 -0.0417713 -0.0824789 -0.0580943 -0.1502588 -0.0562874 -0.0813401 -0.0553432 -0.0544189 -0.0377148 -0.1103809 -0.0554980 -0.1368821
0.0958061 0.0940181 0.1377523 0.0885726 0.1549919 0.8723546 0.1503182 0.1496498 0.1105513 0.0998503 0.1056028 0.1052037 0.1005208 0.0983954 0.0867552 0.0929381 -0.0135131 0.0117591 0.0121238 0.0032255 -0.0001097 0.0262016 0.0076148 0.0046859 0.0169296 0.0102399 0.0177059 0.0062812 0.0071988 0.0020324 0.0093859 -0.0033046 0.0123699 0.0149769 -0.0035398 0.0142612 0.0021450 0.0037161 0.0061190 0.0063755 0.0077862 -0.0044080 -0.0023686 -0.0023842 0.0128905 0.0039641 -0.0038838 -0.0271287 -0.0606958 -0.0218136 -0.0365294 -0.0375718 -0.0343415 -0.0166665 -0.0373096 -0.0338802 -0.0561617 -0.0422687 -0.0236606 -0.0358879 -0.0243639 -0.0409130 -0.0395864 -0.0169739 -0.0304960 -0.0133811 -0.0425063 -0.0241972 -0.0438995 -0.0020435 -0.0458200 -0.0607867 -0.0604716 -0.0157474 -0.0348482 -0.0340978 -0.0401367 -0.0631175 -0.0329858 -0.1195552 -0.1254430 -0.0522489 -0.0450154 -0.0374254 -0.0800817 -0.0534035 -0.1435775 -0.0557749 -0.0776626 -0.0736519 -0.0733617 -0.0392247 -0.1021617 -0.0549528 -0.1296629
0.1003002 0.0986059 0.1603342 0.0926603 0.1610813 0.1503182 0.8668570 0.1632121 0.1130151 0.1081431 0.1127487 0.1128532 0.1055907 0.1052696 0.0886214 0.0949132 -0.0225144 0.0107068 0.0167715 0.0072045 -0.0067478 0.0251311 0.0023905 -0.0000082 0.0143858 0.0088597 0.0170921 0.0022506 0.0023254 0.0015280 0.0101323 -0.0046460 0.0129824 0.0182376 0.0010404 0.0177083 0.0032799 0.0071931 0.0129983 0.0118779 0.0046199 -0.0078465 -0.0028636 -0.0031765 0.0100184 -0.0011046 -0.0101680 -0.0187904 -0.0627989 -0.0189374 -0.0348869 -0.0458371 -0.0351422 -0.0195300 -0.0411489 -0.0361266 -0.0527206 -0.0432257 -0.0281536 -0.0431424 -0.0331497 -0.0482593 -0.0489579 -0.0136436 -0.0261350 -0.0113544 -0.0387809 -0.0153999 -0.0481362 -0.0020052 -0.0472968 -0.0669399 -0.0620754 -0.0181946 -0.0342112 -0.0343503 -0.0448910 -0.0609214 -0.0367069 -0.1262597 -0.1317031 -0.0578801 -0.0462145 -0.0426029 -0.0849504 -0.0579380 -0.1560611 -0.0573080 -0.0854602 -0.0567075 -0.0580196 -0.0386551 -0.1123643 -0.0585403 -0.1443951
0.1046039 0.1007977 0.1454374 0.0979068 0.1577614 0.1496498 0.1632121 0.8799494 0.1177799 0.1086776 0.1141904 0.1181009 0.1053412 0.1070872 0.0949189 0.0963157 -0.0169805 0.0112694 0.0186892 0.0064720 -0.0030550 0.0263281 0.0056558 -0.0024864 0.0150115 0.0124372 0.0174441 0.0040806 0.0028407 -0.0027677 0.0114887 -0.0036619 0.0125617 0.0174134 -0.0001158 0.0187968 0.0060771 0.0061151 0.0127732 0.0091529 0.0081904 -0.0077234 -0.0023396 -0.0012966 0.0113461 0.0054400 -0.0065924 -0.0186070 -0.0643593 -0.0186539 -0.0383953 -0.0398238 -0.0374905 -0.0180959 -0.0355323 -0.0377658 -0.0555452 -0.0469798 -0.0265763 -0.0380224 -0.0300793 -0.0463997 -0.0461398 -0.0181834 -0.0310749 -0.0113558 -0.0440933 -0.0191990 -0.0460226 0.0024724 -0.0464474 -0.0628165 -0.0620537 -0.0148999 -0.0355952 -0.0358560 -0.0431810 -0.0642042 -0.0380792 -0.1288156 -0.1327748 -0.0583951 -0.0474192 -0.0397814 -0.0829038 -0.0591064 -0.1556288 -0.0529288 -0.0836203 -0.0651490 -0.0653678 -0.0405688 -0.1124407 -0.0553197 -0.1392459
0.1022767 0.0998172 0.1092703 0.0954002 0.1136231 0.1105513 0.1130151 0.1177799 0.9109302 0.1444114 0.1583118 0.1474076 0.1461908 0.1417542 0.0989078 0.1038744 -0.0080522 0.0210985 0.0237174 0.0163145 0.0048327 0.0313326 0.0153191 0.0126842 0.0165966 0.0085137 0.0153232 0.0042138 0.0022439 -0.0011307 0.0087642 -0.0042718 0.0070072 0.0147093 -0.0041041 0.0153287 0.0053203 0.0049059 0.0076542 0.0039398 0.0063938 -0.0104036 -0.0061191 0.0011203 0.0155627 0.0025457 -0.0043521 -0.0215142 -0.0595429 -0.0198712 -0.0322468 -0.0446359 -0.0383211 -0.0194822 -0.0321083 -0.0375809 -0.0566501 -0.0395616 -0.0290898 -0.0369182 -0.0310706 -0.0464818 -0.0457146 -0.0192470 -0.0311495 -0.0112920 -0.0429390 -0.0193903 -0.0474274 0.0005682 -0.0475222 -0.0630419 -0.0561061 -0.0186477 -0.0359784 -0.0386987 -0.0508585 -0.0619711 -0.0342884 -0.1230968 -0.1258007 -0.0569042 -0.0515415 -0.0382977 -0.0865107 -0.0601375 -0.1424636 -0.0538442 -0.0830059 -0.0736170 -0.0718133 -0.0410165 -0.1081003 -0.0547026 -0.1370202
0.0943853 0.0943271 0.1027383 0.0869082 0.1043658 0.0998503 0.1081431 0.1086776 0.1444114 0.8831030 0.1465220 0.1480209 0.1555913 0.1426979 0.0922315 0.0974745 -0.0169708 0.0162473 0.0153156 0.0107955 -0.0030349 0.0269873 0.0075990 0.0055690 0.0125633 0.0097524 0.0134760 0.0028279 -0.0000963 -0.0024866 0.0039270 -0.0063767 0.0085621 0.0153204 -0.0031308 0.0171095 0.0032145 0.0059646 0.0134169 0.0065798 0.0000137 -0.0116191 -0.0039836 0.0009476 0.0136984 -0.0001518 -0.0083213 -0.0170564 -0.0628599 -0.0173975 -0.0334690 -0.0404405 -0.0371754 -0.0163616 -0.0356513 -0.0336934 -0.0523061 -0.0407860 -0.0284596 -0.0354295 -0.0318132 -0.0460905 -0.0461555 -0.0198895 -0.0281048 -0.0122109 -0.0424664 -0.0167094 -0.0461703 -0.0032947 -0.0471466 -0.0622061 -0.0568287 -0.0206441 -0.0370728 -0.0340305 -0.0452961 -0.0613893 -0.0357025 -0.1191540 -0.1222360 -0.0569006 -0.0468525 -0.0365013 -0.0852261 -0.0566418 -0.1430889 -0.0541828 -0.0792500 -0.0647863 -0.0649172 -0.0381897 -0.1049267 -0.0541874 -0.1340480
0.1002629 0.1002829 0.1051981 0.0947793 0.1101834 0.1056028 0.1127487 0.1141904 0.1583118 0.1465220 0.9142252 0.1634895 0.1493586 0.1480587 0.1006877 0.1017428 -0.0099046 0.0202710 0.0263876 0.0161728 0.0066831 0.0337619 0.0167660 0.0094099 0.0125622 0.0045307 0.0121235 0.0028435 -0.0001042 -0.0067200 0.0050505 -0.0105145 0.0074901 0.0149068 -0.0030329 0.0147448 0.0055759 0.0037585 0.0111451 0.0040185 0.0035665 -0.0141949 -0.0056374 0.0001869 0.0133631 -0.0004648 -0.0110535 -0.0189864 -0.0589618 -0.0196232 -0.0318592 -0.0432984 -0.0368335 -0.0195102 -0.0347755 -0.0371930 -0.0586098 -0.0387797 -0.0300800 -0.0374068 -0.0397466 -0.0562611 -0.0570535 -0.0173006 -0.0310852 -0.0137292 -0.0412545 -0.0173475 -0.0489561 -0.0043833 -0.0469419 -0.0654418 -0.0588388 -0.0204154 -0.0365260 -0.0407175 -0.0498674 -0.0603731 -0.0381706 -0.1198212 -0.1230543 -0.0618659 -0.0467047 -0.0406199 -0.0863246 -0.0613890 -0.1397487 -0.0542999 -0.0837874 -0.0576548 -0.0565747 -0.0360881 -0.1073033 -0.0537990 -0.1348151
0.1041705 0.1001774 0.1049260 0.0916364 0.1091672 0.1052037 0.1128532 0.1181009 0.1474076 0.1480209 0.1634895 0.8961921 0.1500208 0.1450146 0.0947395 0.1027755 -0.0133030 0.0203720 0.0213479 0.0116187 0.0004567 0.0313862 0.0157484 0.0085263 0.0110467 0.0048291 0.0116984 0.0005571 -0.0001785 -0.0030890 0.0048618 -0.0085822 0.0065927 0.0147369 -0.0021935 0.0169603 0.0048694 0.0030066 0.0090937 0.0006534 0.0052827 -0.0128148 -0.0009439 -0.0021276 0.0168514 -0.0014507 -0.0066475 -0.0226311 -0.0659960 -0.0208953 -0.0317040 -0.0418504 -0.0354303 -0.0151174 -0.0364509 -0.0384793 -0.0569392 -0.0360431 -0.0271392 -0.0413086 -0.0342260 -0.0489894 -0.0496120 -0.0224345 -0.0307800 -0.0149446 -0.0403415 -0.0210146 -0.0468176 -0.0013848 -0.0450746 -0.0643690 -0.0594198 -0.0252156 -0.0404423 -0.0367812 -0.0493078 -0.0639964 -0.0331198 -0.1198080 -0.1223867 -0.0584583 -0.0491635 -0.0417929 -0.0883705 -0.0604111 -0.1399865 -0.0536088 -0.0836070 -0.0695998 -0.0681325 -0.0420070 -0.1043573 -0.0532041 -0.1381911
0.0912173 0.0931424 0.1023163 0.0862424 0.1064107 0.1005208 0.1055907 0.1053412 0.1461908 0.1555913 0.1493586 0.1500208 0.8847970 0.1499836 0.0952183 0.0988117 -0.0192271 0.0150523 0.0174806 0.0063689 -0.0051377 0.0279059 0.0088476 0.0036650 0.0147509 0.0066684 0.0185970 0.0040802 0.0038540 -0.0012133 0.0092328 -0.0039070 0.0106393 0.0155995 -0.0048314 0.0182155 0.0077418 0.0073302 0.0124872 0.0038443 0.0017206 -0.0115753 -0.0059691 0.0040012 0.0124972 -0.0002716 -0.0037481 -0.0218410 -0.0627379 -0.0184137 -0.0356472 -0.0361391 -0.0328181 -0.0214050 -0.0327551 -0.0372585 -0.0547755 -0.0398267 -0.0227417 -0.0371608 -0.0287992 -0.0461959 -0.0443723 -0.0245057 -0.0278439 -0.0109978 -0.0424922 -0.0199277 -0.0462486 -0.0006308 -0.0456611 -0.0607613 -0.0600337 -0.0189281 -0.0360759 -0.0345507 -0.0459834 -0.0619210 -0.0327581 -0.1241459 -0.1238763 -0.0576497 -0.0493123 -0.0397451 -0.0875757 -0.0596734 -0.1451259 -0.0551346 -0.0833799 -0.0696100 -0.0695320 -0.0402360 -0.1082578 -0.0544211 -0.1371715
0.0916896 0.0907971 0.0995585 0.0857691 0.1052297 0.0983954 0.1052696 0.1070872 0.1417542 0.1426979 0.1480587 0.1450146 0.1499836 0.8856853 0.0942245 0.0899029 -0.0116891 0.0187622 0.0227834 0.0077306 -0.0026894 0.0297041 0.0095833 0.0082164 0.0145754 0.0037141 0.0126588 0.0031329 0.0019864 -0.0038828 0.0038378 -0.0072209 0.0048653 0.0151337 -0.0024241 0.0163319 0.0068524 0.0042841 0.0080193 0.0082298 0.0038148 -0.0119195 -0.0023297 0.0015307 0.0122030 0.0022621 -0.0064711 -0.0166561 -0.0607418 -0.0191339 -0.0334217 -0.0438304 -0.0361533 -0.0222474 -0.0331500 -0.0332470 -0.0571840 -0.0404326 -0.0263399 -0.0360353 -0.0318994 -0.0494381 -0.0489831 -0.0166360 -0.0300063 -0.0110414 -0.0400845 -0.0155750 -0.0433982 -0.0034643 -0.0452647 -0.0637147 -0.0573209 -0.0182132 -0.0358261 -0.0336147 -0.0443729 -0.0590062 -0.0345344 -0.1213271 -0.1194353 -0.0600343 -0.0455072 -0.0379189 -0.0874450 -0.0560475 -0.1419182 -0.0521493 -0.0841488 -0.0634945 -0.0620311 -0.0354006 -0.1069478 -0.0455144 -0.1343919
0.0840664 0.0802995 0.0924742 0.0797082 0.0882508 0.0867552 0.0886214 0.0949189 0.0989078 0.0922315 0.1006877 0.0947395 0.0952183 0.0942245 0.8678987 0.0860312 -0.0196084 0.0046908 0.0087243 -0.0077742 -0.0144319 0.0178288 -0.0032040 -0.0061969 0.0167887 0.0120383 0.0215084 0.0095074 0.0088040 0.0074137 0.0179222 0.0015418 0.0137778 0.0165853 0.0054785 0.0187943 0.0094492 0.0137556 0.0146042 0.0138401 0.0009838 -0.0022343 0.0008653 0.0033739 0.0139415 0.0094633 -0.0051124 -0.0103987 -0.0567188 -0.0134089 -0.0259395 -0.0365314 -0.0282279 -0.0130511 -0.0240961 -0.0300759 -0.0450782 -0.0299308 -0.0117597 -0.0271671 -0.0179632 -0.0311949 -0.0319252 -0.0169020 -0.0241111 -0.0140469 -0.0323716 -0.0098872 -0.0403140 0.0029930 -0.0346979 -0.0521288 -0.0497667 -0.0198675 -0.0301841 -0.0309986 -0.0431387 -0.0542980 -0.0331345 -0.1097936 -0.1154995 -0.0421948 -0.0336273 -0.0294007 -0.0732453 -0.0494102 -0.1406165 -0.0467248 -0.0747414 -0.0621984 -0.0603752 -0.0349545 -0.0987796 -0.0463413 -0.1280744
0.0853874 0.0874034 0.0904485 0.0818217 0.0930793 0.0929381 0.0949132 0.0963157 0.1038744 0.0974745 0.1017428 0.1027755 0.0988117 0.0899029 0.0860312 0.8770517 -0.0230607 0.0020322 0.0063340 -0.0002247 -0.0098966 0.0192186 -0.0008872 -0.0021659 0.0182892 0.0177786 0.0198148 0.0101598 0.0114094 0.0076881 0.0174852 0.0091310 0.0198297 0.0148406 0.0067928 0.0223980 0.0104479 0.0118792 0.0137293 0.0077139 0.0079841 -0.0001499 0.0056109 -0.0007198 0.0119917 0.0108691 0.0021185 -0.0190031 -0.0574947 -0.0176188 -0.0260751 -0.0372064 -0.0316609 -0.0143888 -0.0302728 -0.0337746 -0.0477407 -0.0300769 -0.0153649 -0.0260208 -0.0158632 -0.0289585 -0.0285792 -0.0167396 -0.0233432 -0.0099464 -0.0349567 -0.0174075 -0.0438243 0.0021263 -0.0357775 -0.0538513 -0.0519770 -0.0131480 -0.0306299 -0.0250958 -0.0376482 -0.0597972 -0.0301365 -0.1099504 -0.1136690 -0.0422699 -0.0410038 -0.0306903 -0.0742987 -0.0527324 -0.1407688 -0.0470335 -0.0735025 -0.0732245 -0.0720481 -0.0344823 -0.0800778 -0.0514127 -0.1324844
-0.0111521 -0.0230870 -0.0189264 -0.0237962 -0.0184409 -0.0135131 -0.0225144 -0.0169805 -0.0080522 -0.0169708 -0.0099046 -0.0133030 -0.0192271 -0.0116891 -0.0196084 -0.0230607 1.1532214 0.1146357 0.1147881 0.1525905 0.1727915 0.1151003 0.1451635 0.1591313 -0.0663131 -0.0594333 -0.0660920 -0.0450459 -0.0661539 -0.0772452 -0.0893756 -0.0692041 -0.0862975 -0.0546144 -0.0470371 -0.0744072 -0.0573901 -0.0691401 -0.0719363 -0.0698981 -0.0029058 -0.0230675 -0.0774612 -0.0440839 -0.0393919 -0.0397186 -0.0263835 -0.1053885 0.0555632 -0.0414211 -0.0059069 0.0276288 -0.0369177 -0.0032491 -0.0168943 -0.0028837 0.0209596 -0.0003648 -0.0683484 -0.0103593 -0.0540598 -0.0545693 -0.0523085 -0.0622506 -0.0604865 -0.0530134 -0.0440233 -0.1014172 -0.0510364 -0.0600025 -0.0294627 0.0356139 0.0187269 -0.0086555 -0.0137227 -0.0115606 0.0150772 0.0144642 0.0132635 0.1185474 0.1285420 0.0039552 0.0064804 -0.0113358 0.0483315 0.0115298 0.2150052 0.0076798 0.0591438 -0.0788182 -0.0794200 -0.0381135 0.1444241 0.0058887 0.1628236
0.0113878 0.0064751 0.0063344 0.0014371 0.0139185 0.0117591 0.0107068 0.0112694 0.0210985 0.0162473 0.0202710 0.0203720 0.0150523 0.0187622 0.0046908 0.0020322 0.1146357 1.0697848 0.1112578 0.1280647 0.1325709 0.1161616 0.1249912 0.1178778 -0.0522461 -0.0564816 -0.0548112 -0.0515658 -0.0557201 -0.0722940 -0.0741124 -0.0683413 -0.0646083 -0.0376273 -0.0493144 -0.0631604 -0.0510396 -0.0600447 -0.0579093 -0.0605699 -0.0158867 -0.0466287 -0.0558894 -0.0302664 -0.0214362 -0.0495732 -0.0412388 -0.0712571 0.0267904 -0.0319308 -0.0091971 -0.0122359 -0.0293975 -0.0074732 -0.0403161 -0.0083035 -0.0025438 -0.0059883 -0.0677051 -0.0228579 -0.0747923 -0.0798416 -0.0786850 -0.0457503 -0.0412215 -0.0457316 -0.0357048 -0.0670377 -0.0520336 -0.0500567 -0.0342516 0.0065643 0.0001092 -0.0149812 -0.0228749 -0.0089909 -0.0086276 0.0169593 0.0030873 0.0643406 0.0686282 -0.0214633 -0.0026175 -0.0248690 0.0188044 0.0062381 0.1407759 -0.0124689 0.0301323 -0.0207152 -0.0197444 -0.0173159 0.0991726 -0.0175706 0.1143327
0.0138575 0.0077596 0.0146772 0.0052457 0.0151374 0.0121238 0.0167715 0.0186892 0.0237174 0.0153156 0.0263876 0.0213479 0.0174806 0.0227834 0.0087243 0.0063340 0.1147881 0.1112578 1.0637189 0.1256706 0.1390756 0.1110717 0.1198002 0.1154900 -0.0511677 -0.0453212 -0.0447065 -0.0487938 -0.0527349 -0.0702064 -0.0656552 -0.0619421 -0.0624182 -0.0357556 -0.0475151 -0.0507168 -0.0527292 -0.0591829 -0.0558623 -0.0532988 -0.0202042 -0.0400821 -0.0584648 -0.0304651 -0.0117685 -0.0425196 -0.0393824 -0.0670094 0.0320963 -0.0263161 -0.0095550 -0.0086565 -0.0220011 -0.0119642 -0.0328847 0.0001402 -0.0137525 -0.0139421 -0.0656884 -0.0171913 -0.0727384 -0.0710056 -0.0711616 -0.0429635 -0.0461629 -0.0472000 -0.0374390 -0.0629556 -0.0598334 -0.0483299 -0.0395871 -0.0058577 -0.0077924 -0.0136498 -0.0241094 -0.0171988 -0.0068606 0.0036365 -0.0041169 0.0621071 0.0746884 -0.0267863 -0.0023917 -0.0330406 0.0117877 -0.0019727 0.1262040 -0.0102687 0.0088254 -0.0268733 -0.0282609 -0.0210255 0.0896133 -0.0181100 0.0927747
0.0036494 -0.0007696 -0.0007429 -0.0076512 0.0050038 0.0032255 0.0072045 0.0064720 0.0163145 0.0107955 0.0161728 0.0116187 0.0063689 0.0077306 -0.0077742 -0.0002247 0.1525905 0.1280647 0.1256706 1.1372961 0.1502280 0.1415862 0.1639253 0.1367567 -0.0642569 -0.0611604 -0.0658402 -0.0627831 -0.0738792 -0.0850887 -0.0891165 -0.0799299 -0.0758933 -0.0441461 -0.0546095 -0.0715247 -0.0512557 -0.0691688 -0.0643048 -0.0678701 -0.0351752 -0.0555464 -0.0712846 -0.0363204 -0.0295263 -0.0667533 -0.0572818 -0.0648265 0.0471460 -0.0221328 -0.0020020 0.0082401 -0.0129552 -0.0154516 -0.0369069 -0.0151368 -0.0055175 -0.0032773 -0.0798064 -0.0155374 -0.0865209 -0.0906940 -0.0885986 -0.0540328 -0.0421470 -0.0517397 -0.0350053 -0.0626398 -0.0583726 -0.0538562 -0.0401868 0.0007240 0.0026426 -0.0000897 -0.0163977 -0.0308739 -0.0082613 0.0172363 -0.0042164 0.0884019 0.0739995 -0.0324188 -0.0233598 -0.0182083 0.0118825 -0.0025875 0.1794077 0.0022642 0.0509168 0.0030410 0.0039969 -0.0134613 0.1234192 -0.0323426 0.1396832
-0.0015103 -0.0117512 -0.0081765 -0.0157008 -0.0038636 -0.0001097 -0.0067478 -0.0030550 0.0048327 -0.0030349 0.0066831 0.0004567 -0.0051377 -0.0026894 -0.0144319 -0.0098966 0.1727915 0.1325709 0.1390756 0.1502280 1.1902286 0.1456851 0.1643907 0.1616980 -0.0705949 -0.0609907 -0.0618605 -0.0623690 -0.0728777 -0.0967323 -0.0892191 -0.0800852 -0.0885986 -0.0544731 -0.0597451 -0.0789719 -0.0742159 -0.0765321 -0.0762719 -0.0722908 -0.0154524 -0.0452901 -0.0820758 -0.0437754 -0.0323503 -0.0570745 -0.0444924 -0.1042152 0.0599089 -0.0312024 -0.0096340 0.0260557 -0.0186862 -0.0195305 -0.0433607 -0.0048897 0.0055044 -0.0135517 -0.0851868 -0.0232532 -0.0807128 -0.0734123 -0.0722950 -0.0551248 -0.0580676 -0.0624358 -0.0421451 -0.1031644 -0.0588649 -0.0614781 -0.0301779 0.0245886 0.0104257 -0.0100015 -0.0170495 -0.0290689 0.0084141 0.0361540 0.0002640 0.1112468 0.1199970 -0.0175967 -0.0061536 -0.0107389 0.0315914 0.0002017 0.2196911 0.0064648 0.0628806 -0.0419418 -0.0434374 -0.0168741 0.1538427 0.0043441 0.1630690
0.0258880 0.0161310 0.0204901 0.0093033 0.0282137 0.0262016 0.0251311 0.0263281 0.0313326 0.0269873 0.0337619 0.0313862 0.0279059 0.0297041 0.0178288 0.0192186 0.1151003 0.1161616 0.1110717 0.1415862 0.1456851 1.0888928 0.1385472 0.1377753 -0.0601834 -0.0473240 -0.0547951 -0.0482392 -0.0664639 -0.0796159 -0.0761250 -0.0706185 -0.0681247 -0.0374880 -0.0464031 -0.0590943 -0.0565436 -0.0574101 -0.0626347 -0.0571654 -0.0277127 -0.0538502 -0.0620912 -0.0321812 -0.0252201 -0.0574343 -0.0483301 -0.0705103 0.0343472 -0.0327943 -0.0071886 0.0023663 -0.0128835 -0.0199242 -0.0464920 -0.0141485 -0.0184268 -0.0075952 -0.0665198 -0.0192457 -0.0871798 -0.0805701 -0.0797240 -0.0518278 -0.0584830 -0.0511825 -0.0447985 -0.0684665 -0.0587541 -0.0492986 -0.0463079 -0.0076821 -0.0099790 -0.0147982 -0.0264889 -0.0285787 -0.0102761 0.0214266 0.0148120 0.0615096 0.0557793 -0.0386820 -0.0221026 -0.0201781 0.0027788 -0.0062290 0.1292139 -0.0106161 0.0217768 -0.0149374 -0.0147633 -0.0219061 0.0927004 -0.0254122 0.0998253
0.0040709 -0.0013038 0.0011650 -0.0060679 0.0044384 0.0076148 0.0023905 0.0056558 0.0153191 0.0075990 0.0167660 0.0157484 0.0088476 0.0095833 -0.0032040 -0.0008872 0.1451635 0.1249912 0.1198002 0.1639253 0.1643907 0.1385472 1.1272019 0.1483407 -0.0639161 -0.0604771 -0.0631885 -0.0569870 -0.0667180 -0.0824670 -0.0778951 -0.0675740 -0.0758573 -0.0475447 -0.0553544 -0.0747490 -0.0664517 -0.0703030 -0.0739854 -0.0683692 -0.0140463 -0.0406773 -0.0719670 -0.0363680 -0.0329225 -0.0496423 -0.0449975 -0.0891347 0.0357290 -0.0290863 -0.0005544 0.0136885 -0.0227114 -0.0109730 -0.0392274 -0.0075476 -0.0092936 0.0122367 -0.0655227 -0.0147323 -0.0770879 -0.0690005 -0.0684946 -0.0647068 -0.0613019 -0.0513551 -0.0458406 -0.0867530 -0.0602246 -0.0548950 -0.0429705 0.0136165 -0.0045748 -0.0026812 -0.0249240 -0.0245075 0.0043557 0.0126912 0.0080127 0.0990303 0.0919007 -0.0173819 -0.0116147 -0.0105799 0.0271420 0.0044007 0.1781902 0.0093930 0.0494710 -0.0473370 -0.0474618 -0.0259669 0.1253292 -0.0172201 0.1443446
0.0088742 -0.0064174 -0.0021941 -0.0047782 0.0032328 0.0046859 -0.0000082 -0.0024864 0.0126842 0.0055690 0.0094099 0.0085263 0.0036650 0.0082164 -0.0061969 -0.0021659 0.1591313 0.1178778 0.1154900 0.1367567 0.1616980 0.1377753 0.1483407 1.1159350 -0.0584164 -0.0458097 -0.0597392 -0.0465379 -0.0603416 -0.0772557 -0.0798506 -0.0595074 -0.0797813 -0.0462389 -0.0574826 -0.0651372 -0.0574205 -0.0641264 -0.0650496 -0.0664934 -0.0116624 -0.0408032 -0.0698350 -0.0356579 -0.0236794 -0.0462119 -0.0354469 -0.0939974 0.0318958 -0.0331646 -0.0013191 0.0202673 -0.0294509 -0.0094478 -0.0253295 -0.0107681 0.0000395 -0.0050928 -0.0702175 -0.0268587 -0.0666690 -0.0651372 -0.0645060 -0.0628092 -0.0573180 -0.0576150 -0.0432207 -0.0905651 -0.0527782 -0.0471776 -0.0326818 0.0180428 0.0073906 -0.0148074 -0.0236209 -0.0152211 0.0041061 0.0198623 -0.0042279 0.0874524 0.0802125 -0.0204268 -0.0116814 -0.0216981 0.0315617 -0.0030325 0.1734041 -0.0075990 0.0289135 -0.0364561 -0.0386445 -0.0288431 0.1159437 -0.0109324 0.1279732
0.0150888 0.0178279 0.0139942 0.0180860 0.0174792 0.0169296 0.0143858 0.0150115 0.0165966 0.0125633 0.0125622 0.0110467 0.0147509 0.0145754 0.0167887 0.0182892 -0.0663131 -0.0522461 -0.0511677 -0.0642569 -0.0705949 -0.0601834 -0.0639161 -0.0584164 0.8430738 0.0321206 0.0384936 0.0535830 0.0683055 0.0799957 0.0778691 0.0578368 0.0341185 0.0217867 0.0217627 0.0369092 0.0240684 0.0258206 0.0202007 0.0294487 0.0101071 0.0201562 0.0225976 0.0075118 0.0139549 0.0320642 0.0162533 0.0075997 -0.0482447 -0.0100448 -0.0178285 -0.0182809 -0.0176237 -0.0024366 -0.0073248 -0.0167911 -0.0170895 -0.0170284 0.0234029 -0.0032847 0.0267868 0.0227925 0.0244253 0.0072098 -0.0008950 0.0118781 -0.0068793 0.0056146 0.0024677 0.0244723 -0.0064547 -0.0239176 -0.0297049 -0.0085598 -0.0095308 0.0008323 -0.0184650 -0.0396672 -0.0235707 -0.0783293 -0.0918830 -0.0019073 -0.0094833 -0.0004521 -0.0473368 -0.0241149 -0.1317326 -0.0201793 -0.0584176 -0.0579331 -0.0598799 -0.0135655 -0.0971515 -0.0161623 -0.1167446
0.0099366 0.0093935 0.0074989 0.0095641 0.0078674 0.0102399 0.0088597 0.0124372 0.0085137 0.0097524 0.0045307 0.0048291 0.0066684 0.0037141 0.0120383 0.0177786 -0.0594333 -0.0564816 -0.0453212 -0.0611604 -0.0609907 -0.0473240 -0.0604771 -0.0458097 0.0321206 0.8541185 0.0722827 0.0255447 0.0445721 0.0337612 0.0431940 0.0384792 0.0307806 0.0177360 0.0134689 0.0355112 0.0210822 0.0212211 0.0218981 0.0281982 0.0113836 0.0249915 0.0155609 0.0000169 0.0060744 0.0322173 0.0199100 -0.0022896 -0.0417588 -0.0025603 -0.0084081 -0.0135930 -0.0037869 0.0053922 0.0079099 -0.0207426 -0.0119740 -0.0086251 0.0277763 0.0037120 0.0449066 0.0381102 0.0387678 0.0012791 -0.0014062 0.0067816 -0.0119263 -0.0019702 -0.0098304 0.0142448 -0.0084943 -0.0202564 -0.0153170 -0.0044732 -0.0005886 -0.0025207 -0.0099178 -0.0414544 -0.0134168 -0.0620214 -0.0701932 0.0087383 -0.0145490 0.0041066 -0.0338700 -0.0101317 -0.1231406 -0.0161883 -0.0503004 -0.0638829 -0.0629474 -0.0103743 -0.0766203 -0.0192805 -0.1005152
0.0133283 0.0164224 0.0186513 0.0189005 0.0169442 0.0177059 0.0170921 0.0174441 0.0153232 0.0134760 0.0121235 0.0116984 0.0185970 0.0126588 0.0215084 0.0198148 -0.0660920 -0.0548112 -0.0447065 -0.0658402 -0.0618605 -0.0547951 -0.0631885 -0.0597392 0.0384936 0.0722827 0.8503464 0.0338343 0.0392585 0.0435969 0.0429993 0.0447645 0.0330319 0.0205535 0.0182748 0.0298001 0.0263449 0.0216445 0.0243637 0.0317766 0.0096997 0.0234753 0.0207214 0.0085166 0.0100087 0.0251626 0.0187219 0.0078382 -0.0484694 -0.0050880 -0.0205017 -0.0132761 -0.0142726 -0.0047833 -0.0026368 -0.0235956 -0.0171426 -0.0067453 0.0215095 0.0070842 0.0342769 0.0291158 0.0282239 0.0137351 0.0047861 0.0029592 -0.0060291 0.0054127 -0.0021967 0.0210894 -0.0016230 -0.0258070 -0.0287904 -0.0051457 -0.0022588 0.0014131 -0.0166213 -0.0403341 -0.0184019 -0.0823508 -0.0886050 0.0009859 -0.0107953 -0.0017714 -0.0377479 -0.0187564 -0.1287397 -0.0238939 -0.0524485 -0.0588291 -0.0584570 -0.0117819 -0.0890393 -0.0142378 -0.1082171
-0.0024371 0.0056128 0.0043841 0.0081930 -0.0001097 0.0062812 0.0022506 0.0040806 0.0042138 0.0028279 0.0028435 0.0005571 0.0040802 0.0031329 0.0095074 0.0101598 -0.0450459 -0.0515658 -0.0487938 -0.0627831 -0.0623690 -0.0482392 -0.0569870 -0.0465379 0.0535830 0.0255447 0.0338343 0.8666654 0.0736725 0.0534026 0.0467601 0.0680125 0.0156076 0.0138813 0.0102345 0.0298340 0.0243628 0.0173706 0.0189623 0.0111390 0.0289561 0.0304844 0.0159206 0.0022035 0.0046478 0.0428758 0.0390406 -0.0036709 -0.0470891 -0.0144394 -0.0024516 -0.0037967 -0.0073255 0.0168136 0.0047566 -0.0287027 -0.0062147 -0.0104976 0.0309726 0.0030893 0.0447902 0.0467054 0.0460478 0.0004170 -0.0067282 0.0009350 -0.0201116 -0.0037619 -0.0084084 0.0193971 -0.0059341 -0.0063358 -0.0077327 -0.0078706 -0.0054167 0.0073062 -0.0079575 -0.0422269 -0.0172460 -0.0651379 -0.0632927 0.0101491 -0.0090978 0.0014299 -0.0373333 -0.0126994 -0.1040270 -0.0194645 -0.0621868 -0.0871743 -0.0880703 -0.0252325 -0.0791680 -0.0165127 -0.0960719
0.0035223 0.0080308 0.0026924 0.0111958 0.0014341 0.0071988 0.0023254 0.0028407 0.0022439 -0.0000963 -0.0001042 -0.0001785 0.0038540 0.0019864 0.0088040 0.0114094 -0.0661539 -0.0557201 -0.0527349 -0.0738792 -0.0728777 -0.0664639 -0.0667180 -0.0603416 0.0683055 0.0445721 0.0392585 0.0736725 0.8626872 0.0668928 0.0576261 0.0821279 0.0260387 0.0182682 0.0149441 0.0317825 0.0232653 0.0259484 0.0237518 0.0206202 0.0201682 0.0189846 0.0187421 0.0024283 0.0056520 0.0338035 0.0212735 -0.0013062 -0.0338066 -0.0103568 -0.0084974 -0.0204457 -0.0042712 0.0114222 0.0015983 -0.0226492 -0.0080624 -0.0027044 0.0327024 0.0050340 0.0502956 0.0487117 0.0501559 0.0104310 -0.0039197 0.0075440 -0.0128253 -0.0018374 -0.0081907 0.0236444 -0.0037738 -0.0110483 -0.0186979 -0.0046819 -0.0049012 0.0047626 -0.0070537 -0.0433337 -0.0128080 -0.0668641 -0.0700870 0.0125564 -0.0135549 0.0055259 -0.0383005 -0.0218834 -0.1206877 -0.0242041 -0.0520870 -0.0755083 -0.0774884 -0.0203412 -0.0857968 -0.0178229 -0.1034118
-0.0037881 0.0056075 0.0026291 0.0058567 -0.0010010 0.0020324 0.0015280 -0.0027677 -0.0011307 -0.0024866 -0.0067200 -0.0030890 -0.0012133 -0.0038828 0.0074137 0.0076881 -0.0772452 -0.0722940 -0.0702064 -0.0850887 -0.0967323 -0.0796159 -0.0824670 -0.0772557 0.0799957 0.0337612 0.0435969 0.0534026 0.0668928 0.8624144 0.0801609 0.0649450 0.0266329 0.0238889 0.0225202 0.0366180 0.0303576 0.0402345 0.0244827 0.0355421 0.0108437 0.0269890 0.0321808 0.0110490 0.0126143 0.0331539 0.0268409 0.0251144 -0.0451070 -0.0069174 -0.0133220 -0.0108861 -0.0041742 0.0037798 0.0118284 -0.0198074 -0.0153809 -0.0086362 0.0288684 0.0015817 0.0502579 0.0470964 0.0466192 0.0210593 0.0038641 0.0152902 -0.0009267 0.0244362 0.0129407 0.0322696 0.0053486 -0.0208931 -0.0145280 -0.0106571 -0.0079963 0.0157783 -0.0162066 -0.0379354 -0.0184532 -0.0787667 -0.0808172 0.0127058 -0.0046724 -0.0008766 -0.0343904 -0.0130546 -0.1371055 -0.0175652 -0.0568013 -0.0523866 -0.0525598 -0.0126850 -0.0952826 -0.0118791 -0.1154435
0.0079124 0.0115714 0.0131742 0.0163933 0.0127604 0.0093859 0.0101323 0.0114887 0.0087642 0.0039270 0.0050505 0.0048618 0.0092328 0.0038378 0.0179222 0.0174852 -0.0893756 -0.0741124 -0.0656552 -0.0891165 -0.0892191 -0.0761250 -0.0778951 -0.0798506 0.0778691 0.0431940 0.0429993 0.0467601 0.0576261 0.0801609 0.8475284 0.0592891 0.0358499 0.0277371 0.0232920 0.0452347 0.0349785 0.0368889 0.0361448 0.0362607 0.0127758 0.0229512 0.0359423 0.0120722 0.0165184 0.0406100 0.0237413 0.0244331 -0.0582528 0.0007837 -0.0131261 -0.0102918 -0.0049102 0.0027334 0.0071639 -0.0165734 -0.0216978 -0.0138516 0.0426030 0.0015174 0.0405905 0.0370130 0.0378485 0.0110336 0.0086066 0.0133487 -0.0049458 0.0234490 0.0085525 0.0360452 -0.0001563 -0.0287819 -0.0217339 -0.0035083 -0.0008747 0.0005082 -0.0179024 -0.0436020 -0.0222022 -0.0876974 -0.0977710 0.0014232 -0.0139261 0.0038816 -0.0482092 -0.0227463 -0.1478987 -0.0212516 -0.0612072 -0.0485736 -0.0495918 -0.0122672 -0.1127379 -0.0071653 -0.1288865
-0.0026630 0.0031104 -0.0069848 0.0018522 -0.0051608 -0.0033046 -0.0046460 -0.0036619 -0.0042718 -0.0063767 -0.0105145 -0.0085822 -0.0039070 -0.0072209 0.0015418 0.0091310 -0.0692041 -0.0683413 -0.0619421 -0.0799299 -0.0800852 -0.0706185 -0.0675740 -0.0595074 0.0578368 0.0384792 0.0447645 0.0680125 0.0821279 0.0649450 0.0592891 0.8723778 0.0331583 0.0156724 0.0122834 0.0388766 0.0267971 0.0253224 0.0258678 0.0211093 0.0190347 0.0326698 0.0163488 0.0045500 0.0056194 0.0448586 0.0296547 -0.0068238 -0.0464624 -0.0094255 -0.0133185 -0.0012290 -0.0134266 0.0139398 0.0074362 -0.0187842 -0.0069321 0.0019494 0.0344609 0.0148772 0.0605660 0.0691906 0.0700785 -0.0001232 -0.0076945 0.0045763 -0.0020008 -0.0065916 -0.0003720 0.0233069 0.0090917 -0.0044468 -0.0145211 -0.0079497 -0.0053796 0.0226108 0.0006882 -0.0408379 -0.0191494 -0.0576894 -0.0642182 0.0203886 -0.0123205 0.0053282 -0.0310339 -0.0137058 -0.1080047 -0.0231553 -0.0482260 -0.1024509 -0.1045367 -0.0214681 -0.0747794 -0.0042593 -0.0983730
0.0078059 0.0093765 0.0149176 0.0132541 0.0109016 0.0123699 0.0129824 0.0125617 0.0070072 0.0085621 0.0074901 0.0065927 0.0106393 0.0048653 0.0137778 0.0198297 -0.0862975 -0.0646083 -0.0624182 -0.0758933 -0.0885986 -0.0681247 -0.0758573 -0.0797813 0.0341185 0.0307806 0.0330319 0.0156076 0.0260387 0.0266329 0.0358499 0.0331583 0.8401672 0.0264412 0.0279569 0.0466513 0.0290693 0.0417786 0.0405305 0.0420347 0.0075029 0.0208510 0.0344113 0.0136173 0.0161373 0.0213610 0.0120776 0.0330589 -0.0430496 0.0108707 -0.0096567 -0.0223626 -0.0025147 -0.0007542 0.0028073 -0.0141269 -0.0153425 -0.0118598 0.0336098 -0.0067560 0.0287346 0.0248125 0.0250607 0.0202245 0.0150924 0.0161615 0.0051099 0.0297737 0.0077379 0.0266155 0.0009222 -0.0261368 -0.0237202 -0.0017059 -0.0032955 -0.0024408 -0.0189264 -0.0338005 -0.0207537 -0.0796103 -0.0812488 -0.0067885 -0.0111185 -0.0032393 -0.0395870 -0.0147852 -0.1420302 -0.0136449 -0.0482063 -0.0175350 -0.0189833 -0.0077846 -0.1031115 -0.0172491 -0.1038915
0.0143741 0.0162593 0.0180657 0.0178013 0.0174868 0.0149769 0.0182376 0.0174134 0.0147093 0.0153204 0.0149068 0.0147369 0.0155995 0.0151337 0.0165853 0.0148406 -0.0546144 -0.0376273 -0.0357556 -0.0441461 -0.0544731 -0.0374880 -0.0475447 -0.0462389 0.0217867 0.0177360 0.0205535 0.0138813 0.0182682 0.0238889 0.0277371 0.0156724 0.0264412 0.9539599 0.0166076 0.0240611 0.0207346 0.0250480 0.0246386 0.0236258 -0.0001676 0.0044782 0.0256606 0.0123143 0.0112200 0.0104432 0.0073506 0.0372000 -0.0238899 0.0093672 -0.0036046 -0.0155353 0.0043931 -0.0022467 0.0041802 -0.0043835 -0.0127977 -0.0074243 0.0156941 -0.0044673 0.0103394 0.0044298 0.0042447 0.0195110 0.0190130 0.0168209 0.0079858 0.0371042 0.0132629 0.0183319 0.0029377 -0.0224236 -0.0132058 -0.0006012 -0.0008663 -0.0060945 -0.0154477 -0.0157182 -0.0096253 -0.0578651 -0.0623702 -0.0112395 -0.0069743 -0.0031038 -0.0251507 -0.0154446 -0.0958421 -0.0083944 -0.0278168 0.0278529 0.0281440 0.0038112 -0.0656954 -0.0066762 -0.0726118
-0.0011835 0.0028601 0.0013591 0.0052603 -0.0025222 -0.0035398 0.0010404 -0.0001158 -0.0041041 -0.0031308 -0.0030329 -0.0021935 -0.0048314 -0.0024241 0.0054785 0.0067928 -0.0470371 -0.0493144 -0.0475151 -0.0546095 -0.0597451 -0.0464031 -0.0553544 -0.0574826 0.0217627 0.0134689 0.0182748 0.0102345 0.0149441 0.0225202 0.0232920 0.0122834 0.0279569 0.0166076 0.8784218 0.0267595 0.0228789 0.0229701 0.0150488 0.0228722 -0.0012146 0.0041925 0.0227220 -0.0046924 0.0041310 0.0080223 0.0071194 0.0166622 -0.0247935 -0.0008790 -0.0027765 -0.0156430 0.0001776 0.0003248 0.0012925 -0.0105547 -0.0005309 0.0026800 0.0182220 0.0033004 0.0175588 0.0124305 0.0122486 0.0107061 0.0053307 0.0096629 -0.0014994 0.0170577 0.0046034 0.0197223 0.0022057 -0.0123531 -0.0181241 -0.0034300 -0.0042863 0.0003876 -0.0043877 -0.0162386 -0.0032085 -0.0523904 -0.0533717 0.0016071 0.0021886 0.0053472 -0.0169817 -0.0111765 -0.0880991 -0.0124427 -0.0228299 -0.0174714 -0.0175435 -0.0022945 -0.0645373 -0.0021235 -0.0669606
0.0130397 0.0167273 0.0196191 0.0172217 0.0171724 0.0142612 0.0177083 0.0187968 0.0153287 0.0171095 0.0147448 0.0169603 0.0182155 0.0163319 0.0187943 0.0223980 -0.0744072 -0.0631604 -0.0507168 -0.0715247 -0.0789719 -0.0590943 -0.0747490 -0.0651372 0.0369092 0.0355112 0.0298001 0.0298340 0.0317825 0.0366180 0.0452347 0.0388766 0.0466513 0.0240611 0.0267595 0.8509489 0.0369007 0.0340912 0.0374142 0.0352949 0.0127464 0.0201155 0.0316709 0.0081899 0.0118354 0.0278611 0.0217666 0.0145011 -0.0427607 0.0022343 -0.0102292 -0.0191069 -0.0012435 0.0018454 -0.0010561 -0.0079090 -0.0199998 -0.0134021 0.0352235 -0.0037483 0.0370545 0.0372672 0.0362124 0.0104227 0.0129557 0.0188177 -0.0039005 0.0159587 0.0035621 0.0317662 -0.0060035 -0.0216502 -0.0210573 -0.0069435 -0.0020733 0.0002349 -0.0156373 -0.0370542 -0.0179863 -0.0897880 -0.0911574 0.0010050 -0.0109539 -0.0020890 -0.0422880 -0.0258044 -0.1406913 -0.0204781 -0.0600754 -0.0493132 -0.0491449 -0.0142418 -0.1032170 -0.0211491 -0.1222749
0.0070414 0.0072825 0.0094992 0.0108427 0.0062453 0.0021450 0.0032799 0.0060771 0.0053203 0.0032145 0.0055759 0.0048694 0.0077418 0.0068524 0.0094492 0.0104479 -0.0573901 -0.0510396 -0.0527292 -0.0512557 -0.0742159 -0.0565436 -0.0664517 -0.0574205 0.0240684 0.0210822 0.0263449 0.0243628 0.0232653 0.0303576 0.0349785 0.0267971 0.0290693 0.0207346 0.0228789 0.0369007 0.8592430 0.0277267 0.0338664 0.0280118 -0.0000074 0.0075437 0.0237887 0.0025156 0.0125424 0.0164009 0.0074236 0.0172234 -0.0353312 -0.0004483 -0.0080963 -0.0092795 -0.0055249 0.0027111 0.0081888 -0.0203611 -0.0166060 -0.0094831 0.0285033 0.0015383 0.0227698 0.0198173 0.0210840 0.0082832 0.0161622 0.0106632 0.0013824 0.0174527 0.0075385 0.0272112 -0.0011729 -0.0160574 -0.0156203 -0.0019824 0.0015971 0.0013178 -0.0107603 -0.0323656 -0.0170694 -0.0818259 -0.0837602 -0.0038954 -0.0148263 0.0032805 -0.0272739 -0.0204994 -0.1158394 -0.0085134 -0.0362995 -0.0254514 -0.0249601 -0.0071978 -0.0859753 -0.0092022 -0.0953545
0.0058486 0.0109074 0.0063761 0.0144618 0.0081794 0.0037161 0.0071931 0.0061151 0.0049059 0.0059646 0.0037585 0.0030066 0.0073302 0.0042841 0.0137556 0.0118792 -0.0691401 -0.0600447 -0.0591829 -0.0691688 -0.0765321 -0.0574101 -0.0703030 -0.0641264 0.0258206 0.0212211 0.0216445 0.0173706 0.0259484 0.0402345 0.0368889 0.0253224 0.0417786 0.0250480 0.0229701 0.0340912 0.0277267 0.8706395 0.0340140 0.0376094 -0.0014674 0.0131616 0.0362937 0.0108037 0.0086362 0.0173614 0.0134016 0.0314504 -0.0355084 0.0096569 -0.0048404 -0.0131736 0.0006469 -0.0041164 0.0094180 -0.0091178 -0.0177469 -0.0073777 0.0236315 -0.0102729 0.0203007 0.0143066 0.0136611 0.0182078 0.0143086 0.0199622 0.0078888 0.0305755 0.0175108 0.0306371 0.0012787 -0.0309163 -0.0152475 -0.0008558 -0.0023095 -0.0083528 -0.0200792 -0.0173364 -0.0130003 -0.0769715 -0.0908119 -0.0063280 -0.0129875 0.0031901 -0.0291825 -0.0254755 -0.1235285 -0.0122486 -0.0375232 0.0091821 0.0093648 -0.0066863 -0.0927579 -0.0117345 -0.0998053
0.0114723 0.0125458 0.0146134 0.0165510 0.0159382 0.0061190 0.0129983 0.0127732 0.0076542 0.0134169 0.0111451 0.0090937 0.0124872 0.0080193 0.0146042 0.0137293 -0.0719363 -0.0579093 -0.0558623 -0.0643048 -0.0762719 -0.0626347 -0.0739854 -0.0650496 0.0202007 0.0218981 0.0243637 0.0189623 0.0237518 0.0244827 0.0361448 0.0258678 0.0405305 0.0246386 0.0150488 0.0374142 0.0338664 0.0340140 0.8490801 0.0322283 -0.0004532 0.0064757 0.0245794 0.0143598 0.0072164 0.0257532 0.0108904 0.0326988 -0.0456377 0.0083358 -0.0061428 -0.0099693 -0.0038377 -0.0022674 0.0114362 -0.0085688 -0.0132636 -0.0175258 0.0232595 -0.0133813 0.0227552 0.0146355 0.0136731 0.0200883 0.0173244 0.0153655 -0.0012749 0.0300745 0.0049411 0.0151891 -0.0058075 -0.0296100 -0.0246182 -0.0032235 -0.0022157 -0.0082409 -0.0103858 -0.0333432 -0.0128748 -0.0696765 -0.0786075 -0.0129954 -0.0186354 0.0026023 -0.0414359 -0.0182132 -0.1328348 -0.0188594 -0.0503413 -0.0044427 -0.0044590 -0.0025710 -0.0945545 -0.0211094 -0.0963106
