0.8737874 0.1315878 0.0975579 0.1187871 0.0993664 0.0947762 0.0982437 0.1029571 0.1007468 0.0926903 0.0980008 0.1024093 0.0896541 0.0898873 0.0829745 0.0849798 -0.0063719 0.0114928 0.0144127 0.0031926 0.0009227 0.0254909 0.0062025 0.0108918 0.0168323 0.0121967 0.0149151 0.0015281 0.0069068 -0.0018105 0.0092643 0.0028762 0.0072825 0.0121723 -0.0012553 0.0139848 0.0071998 0.0044916 0.0103269 0.0023520 0.0055340 -0.0027810 -0.0054182 -0.0044141 0.0123429 0.0067618 -0.0003512 -0.0219785 -0.0596147 -0.0217309 -0.0313101 -0.0341352 -0.0357230 -0.0149160 -0.0311970 -0.0348359 -0.0472250 -0.0364644 -0.0165205 -0.0296073 -0.0163740 -0.0307386 -0.0302266 -0.0162048 -0.0336668 -0.0126660 -0.0389653 -0.0216032 -0.0438260 -0.0006694 -0.0382595 -0.0523621 -0.0531654 -0.0172551 -0.0343634 -0.0310548 -0.0352185 -0.0571496 -0.0331915 -0.1061153 -0.1092609 -0.0464036 -0.0443642 -0.0284710 -0.0722577 -0.0553165 -0.1330242 -0.0491866 -0.0743044 -0.0810240 -0.0804350 -0.0393599 -0.0922644 -0.0449289 -0.1263099
0.1315878 0.8616232 0.0906780 0.1231967 0.0963610 0.0933403 0.0970443 0.0996276 0.0986606 0.0930072 0.0985581 0.0988591 0.0919955 0.0894804 0.0794266 0.0872048 -0.0193081 0.0065847 0.0082906 -0.0010465 -0.0096723 0.0158237 0.0004571 -0.0047912 0.0192550 0.0111884 0.0177749 0.0088927 0.0107705 0.0072420 0.0126427 0.0077886 0.0090137 0.0144898 0.0028217 0.0175155 0.0074761 0.0098135 0.0116488 0.0087430 0.0054976 0.0016647 -0.0033004 -0.0032286 0.0098904 0.0101241 -0.0023472 -0.0238095 -0.0612372 -0.0150706 -0.0323862 -0.0364853 -0.0331847 -0.0158178 -0.0302645 -0.0340638 -0.0490456 -0.0359964 -0.0104523 -0.0271964 -0.0132098 -0.0232742 -0.0232063 -0.0152024 -0.0276689 -0.0101201 -0.0351183 -0.0205237 -0.0421073 0.0030982 -0.0404095 -0.0556876 -0.0515846 -0.0196123 -0.0327485 -0.0251998 -0.0359017 -0.0586363 -0.0317693 -0.1140984 -0.1145797 -0.0457758 -0.0448661 -0.0313010 -0.0774590 -0.0528796 -0.1420427 -0.0456174 -0.0773441 -0.0806824 -0.0805460 -0.0374581 -0.1008866 -0.0421407 -0.1322300
0.0975579 0.0906780 0.8648161 0.0886636 0.1430686 0.1364835 0.1575733 0.1431604 0.1071809 0.1004219 0.1021527 0.1025800 0.1003467 0.0971500 0.0910425 0.0899321 -0.0124935 0.0064265 0.0153582 -0.0014239 -0.0050330 0.0200085 0.0040055 0.0004692 0.0163809 0.0105746 0.0208031 0.0098287 0.0071689 0.0053275 0.0150635 0.0003174 0.0143272 0.0149197 0.0013047 0.0209823 0.0097935 0.0045090 0.0131729 0.0113352 0.0091566 -0.0012635 -0.0035423 -0.0047982 0.0132189 0.0113517 -0.0025988 -0.0246934 -0.0649791 -0.0212947 -0.0302699 -0.0406962 -0.0336287 -0.0156500 -0.0337789 -0.0370523 -0.0488065 -0.0391026 -0.0189865 -0.0321719 -0.0164052 -0.0315372 -0.0291392 -0.0203964 -0.0361760 -0.0184903 -0.0411691 -0.0224568 -0.0487519 -0.0022860 -0.0432915 -0.0554737 -0.0572781 -0.0158993 -0.0307480 -0.0314434 -0.0406801 -0.0631911 -0.0332352 -0.1207334 -0.1255453 -0.0476534 -0.0438247 -0.0343166 -0.0824823 -0.0534306 -0.1477112 -0.0580448 -0.0833742 -0.0835487 -0.0834719 -0.0435590 -0.1048456 -0.0529428 -0.1390116
0.1187871 0.1231967 0.0886636 0.8753627 0.0903698 0.0873793 0.0902035 0.0958804 0.0935671 0.0848886 0.0921184 0.0895021 0.0844370 0.0836838 0.0783884 0.0812738 -0.0183842 0.0015656 0.0059602 -0.0082116 -0.0128989 0.0088291 -0.0035245 -0.0024091 0.0200473 0.0120535 0.0206779 0.0129269 0.0150115 0.0080827 0.0178776 0.0080990 0.0126933 0.0152856 0.0052301 0.0182985 0.0110294 0.0129318 0.0152205 0.0090208 0.0092171 0.0026118 0.0066213 -0.0015202 0.0138519 0.0103008 0.0019150 -0.0167969 -0.0586823 -0.0165739 -0.0261544 -0.0365421 -0.0311627 -0.0159016 -0.0237677 -0.0332124 -0.0465741 -0.0336346 -0.0086302 -0.0212418 -0.0114846 -0.0224360 -0.0206613 -0.0118752 -0.0232986 -0.0109765 -0.0378050 -0.0137986 -0.0403172 0.0063378 -0.0377045 -0.0506298 -0.0535321 -0.0145812 -0.0294670 -0.0254746 -0.0357772 -0.0557364 -0.0313576 -0.1129018 -0.1146952 -0.0428856 -0.0370504 -0.0273541 -0.0760153 -0.0530798 -0.1434376 -0.0445359 -0.0782566 -0.0759446 -0.0763945 -0.0346122 -0.1017813 -0.0432251 -0.1312113
0.0993664 0.0963610 0.1430686 0.0903698 0.8872926 0.1537448 0.1581202 0.1554308 0.1114738 0.1019224 0.1069766 0.1067228 0.1043647 0.1027758 0.0867632 0.0926770 -0.0112914 0.0142007 0.0161227 0.0044590 -0.0002661 0.0278173 0.0077403 0.0063137 0.0200198 0.0110803 0.0193029 0.0058125 0.0063533 0.0019144 0.0146804 0.0027642 0.0101330 0.0142121 -0.0025909 0.0186448 0.0066402 0.0061788 0.0142705 0.0069780 0.0132541 -0.0001642 -0.0059046 -0.0027950 0.0121164 0.0072026 -0.0023438 -0.0287876 -0.0629079 -0.0212653 -0.0354393 -0.0361513 -0.0360744 -0.0136453 -0.0347769 -0.0390702 -0.0505985 -0.0403158 -0.0204175 -0.0374445 -0.0195076 -0.0315332 -0.0315311 -0.0217238 -0.0324251 -0.0151873 -0.0436915 -0.0267989 -0.0482518 0.0021908 -0.0444888 -0.0578567 -0.0625672 -0.0152841 -0.0315140 -0.0317287 -0.0401620 -0.0640459 -0.0344676 -0.1240356 -0.1271374 -0.0487063 -0.0471084 -0.0374195 -0.0811394 -0.0548099 -0.1457987 -0.0566838 -0.0839940 -0.0874791 -0.0874536 -0.0429433 -0.1066587 -0.0553885 -0.1362113
0.0947762 0.0933403 0.1364835 0.0873793 0.1537448 0.8745596 0.1490085 0.1486319 0.1095817 0.0987939 0.1041940 0.1040846 0.0995428 0.0973466 0.0860218 0.0928751 -0.0098237 0.0120073 0.0127845 0.0031450 0.0020059 0.0261444 0.0094434 0.0063008 0.0182052 0.0117229 0.0188826 0.0093835 0.0096388 0.0034984 0.0103023 0.0008611 0.0118885 0.0134339 -0.0035159 0.0149630 0.0022772 0.0027579 0.0052531 0.0059359 0.0112682 -0.0002303 -0.0037998 -0.0035128 0.0126101 0.0087184 -0.0011341 -0.0322646 -0.0616966 -0.0237602 -0.0367644 -0.0351789 -0.0356029 -0.0152423 -0.0370293 -0.0348963 -0.0551835 -0.0413109 -0.0210795 -0.0340497 -0.0182237 -0.0339443 -0.0322608 -0.0195912 -0.0339117 -0.0146565 -0.0439612 -0.0293251 -0.0456478 -0.0020364 -0.0460660 -0.0575294 -0.0600417 -0.0155913 -0.0344094 -0.0315354 -0.0378604 -0.0645390 -0.0325912 -0.1180703 -0.1234544 -0.0481592 -0.0445345 -0.0353534 -0.0794509 -0.0518219 -0.1412832 -0.0559817 -0.0788408 -0.0898511 -0.0897027 -0.0417391 -0.1001974 -0.0548035 -0.1291269
0.0982437 0.0970443 0.1575733 0.0902035 0.1581202 0.1490085 0.8667716 0.1609434 0.1108246 0.1057039 0.1094128 0.1104049 0.1035432 0.1028030 0.0871285 0.0944199 -0.0158633 0.0109238 0.0175190 0.0064264 -0.0035803 0.0244052 0.0053297 0.0026246 0.0169886 0.0121770 0.0193934 0.0081289 0.0070465 0.0044504 0.0121617 0.0032708 0.0123582 0.0148635 0.0009976 0.0192829 0.0036744 0.0051925 0.0114306 0.0111646 0.0115042 0.0004540 -0.0055184 -0.0054182 0.0095062 0.0073382 -0.0044555 -0.0298278 -0.0650198 -0.0230428 -0.0352091 -0.0413543 -0.0375926 -0.0164787 -0.0403268 -0.0387247 -0.0503370 -0.0412319 -0.0224257 -0.0390820 -0.0211705 -0.0336561 -0.0338200 -0.0188546 -0.0330103 -0.0141113 -0.0422447 -0.0261327 -0.0522762 -0.0018377 -0.0478267 -0.0604910 -0.0612626 -0.0177659 -0.0329896 -0.0292239 -0.0399994 -0.0644129 -0.0359280 -0.1235219 -0.1280864 -0.0494881 -0.0452086 -0.0383825 -0.0836827 -0.0549516 -0.1519931 -0.0577715 -0.0879756 -0.0877477 -0.0898897 -0.0436447 -0.1090199 -0.0584723 -0.1441017
0.1029571 0.0996276 0.1431604 0.0958804 0.1554308 0.1486319 0.1609434 0.8810061 0.1161195 0.1067931 0.1117186 0.1161649 0.1037907 0.1051581 0.0937135 0.0959960 -0.0111155 0.0115880 0.0195029 0.0061087 -0.0000339 0.0260144 0.0083855 -0.0000915 0.0171117 0.0151683 0.0194225 0.0089195 0.0067415 -0.0004404 0.0129998 0.0030016 0.0120260 0.0147770 -0.0002309 0.0200332 0.0063812 0.0045503 0.0114342 0.0084741 0.0140185 -0.0010103 -0.0046105 -0.0031066 0.0108752 0.0123931 -0.0018995 -0.0276587 -0.0660869 -0.0219819 -0.0386995 -0.0358902 -0.0396841 -0.0156562 -0.0350433 -0.0397445 -0.0537258 -0.0453553 -0.0220466 -0.0348604 -0.0201114 -0.0345866 -0.0336232 -0.0225216 -0.0368294 -0.0135916 -0.0469277 -0.0279439 -0.0493491 0.0025719 -0.0469552 -0.0574494 -0.0613948 -0.0146055 -0.0347539 -0.0316134 -0.0392605 -0.0670854 -0.0373743 -0.1264741 -0.1297479 -0.0517852 -0.0465086 -0.0362582 -0.0818631 -0.0566818 -0.1521551 -0.0533951 -0.0856223 -0.0909720 -0.0918806 -0.0448004 -0.1095024 -0.0551989 -0.1387297
0.1007468 0.0986606 0.1071809 0.0935671 0.1114738 0.1095817 0.1108246 0.1161195 0.9132764 0.1426434 0.1561606 0.1456205 0.1446621 0.1400416 0.0977275 0.1035797 -0.0027175 0.0213949 0.0245537 0.0160868 0.0077322 0.0310975 0.0178761 0.0150259 0.0185187 0.0108216 0.0170861 0.0085772 0.0057125 0.0009518 0.0101271 0.0015516 0.0063893 0.0125752 -0.0041629 0.0163371 0.0055187 0.0034687 0.0063477 0.0032684 0.0116351 -0.0044410 -0.0082842 -0.0005842 0.0151341 0.0088885 -0.0003761 -0.0298127 -0.0609817 -0.0226812 -0.0325792 -0.0411285 -0.0403328 -0.0172512 -0.0316066 -0.0391624 -0.0550427 -0.0381574 -0.0252045 -0.0341395 -0.0225478 -0.0364857 -0.0355928 -0.0229762 -0.0361937 -0.0132015 -0.0450985 -0.0274055 -0.0501110 0.0006672 -0.0478319 -0.0581844 -0.0554842 -0.0182968 -0.0351878 -0.0349306 -0.0474341 -0.0641688 -0.0337188 -0.1210361 -0.1226889 -0.0508591 -0.0507952 -0.0350560 -0.0854787 -0.0580026 -0.1389548 -0.0540229 -0.0846344 -0.0972509 -0.0952951 -0.0446397 -0.1053003 -0.0545306 -0.1363637
0.0926903 0.0930072 0.1004219 0.0848886 0.1019224 0.0987939 0.1057039 0.1067931 0.1426434 0.8841847 0.1439637 0.1460499 0.1538018 0.1406324 0.0909711 0.0971309 -0.0110990 0.0163603 0.0160362 0.0102881 -0.0001051 0.0266256 0.0102008 0.0079531 0.0146140 0.0125523 0.0155247 0.0076646 0.0039098 -0.0001463 0.0055766 0.0001805 0.0080424 0.0126899 -0.0031385 0.0183826 0.0035099 0.0042727 0.0121423 0.0059662 0.0059784 -0.0046948 -0.0064508 -0.0008939 0.0131865 0.0069862 -0.0036722 -0.0265177 -0.0646827 -0.0207154 -0.0337883 -0.0364909 -0.0393872 -0.0138340 -0.0351025 -0.0357225 -0.0503608 -0.0391476 -0.0237404 -0.0321203 -0.0215625 -0.0340731 -0.0338592 -0.0242607 -0.0339473 -0.0144820 -0.0452649 -0.0255349 -0.0495059 -0.0031796 -0.0475544 -0.0566565 -0.0561001 -0.0202174 -0.0361324 -0.0297572 -0.0412345 -0.0640912 -0.0350327 -0.1167987 -0.1189154 -0.0498647 -0.0459920 -0.0329175 -0.0841682 -0.0541399 -0.1393392 -0.0544883 -0.0812904 -0.0911142 -0.0920522 -0.0422833 -0.1020379 -0.0541294 -0.1336220
0.0980008 0.0985581 0.1021527 0.0921184 0.1069766 0.1041940 0.1094128 0.1117186 0.1561606 0.1439637 0.9147469 0.1608649 0.1470899 0.1453963 0.0991049 0.1012716 -0.0020184 0.0207542 0.0277363 0.0157953 0.0110064 0.0335132 0.0205799 0.0130934 0.0152896 0.0080435 0.0147314 0.0092092 0.0050866 -0.0036744 0.0070896 -0.0021740 0.0065486 0.0113761 -0.0032245 0.0162864 0.0058040 0.0014697 0.0091879 0.0030542 0.0115744 -0.0053407 -0.0090325 -0.0024190 0.0126189 0.0084463 -0.0049626 -0.0324121 -0.0613453 -0.0243301 -0.0322348 -0.0380243 -0.0400887 -0.0161029 -0.0340186 -0.0398611 -0.0560977 -0.0366398 -0.0239501 -0.0329110 -0.0268312 -0.0411174 -0.0417399 -0.0234075 -0.0388456 -0.0169072 -0.0450214 -0.0303508 -0.0536232 -0.0045406 -0.0476658 -0.0580259 -0.0578746 -0.0198988 -0.0353381 -0.0349765 -0.0444074 -0.0640023 -0.0370687 -0.1164568 -0.1183791 -0.0526753 -0.0456880 -0.0357971 -0.0848024 -0.0578918 -0.1342191 -0.0547719 -0.0866457 -0.0928759 -0.0924984 -0.0416766 -0.1030082 -0.0537016 -0.1341460
0.1024093 0.0988591 0.1025800 0.0895021 0.1067228 0.1040846 0.1104049 0.1161649 0.1456205 0.1460499 0.1608649 0.8975916 0.1481973 0.1429091 0.0934043 0.1023642 -0.0077153 0.0205607 0.0221362 0.0111846 0.0033540 0.0309563 0.0184031 0.0109314 0.0131138 0.0073647 0.0135400 0.0052830 0.0036339 -0.0007824 0.0064629 -0.0020348 0.0060565 0.0121784 -0.0022704 0.0180989 0.0051851 0.0014105 0.0077897 0.0000177 0.0109447 -0.0061613 -0.0031938 -0.0039598 0.0163579 0.0054491 -0.0020894 -0.0318902 -0.0677189 -0.0241469 -0.0318839 -0.0379680 -0.0375929 -0.0127248 -0.0358954 -0.0403999 -0.0551395 -0.0342678 -0.0226958 -0.0382469 -0.0248348 -0.0376664 -0.0379877 -0.0265397 -0.0363149 -0.0170151 -0.0427814 -0.0298256 -0.0499204 -0.0012608 -0.0454529 -0.0589175 -0.0587389 -0.0248063 -0.0396335 -0.0326842 -0.0454558 -0.0665955 -0.0323838 -0.1172766 -0.1191097 -0.0518306 -0.0483676 -0.0383545 -0.0873277 -0.0579586 -0.1364060 -0.0539103 -0.0854045 -0.0951796 -0.0940605 -0.0459512 -0.1012683 -0.0530172 -0.1375198
0.0896541 0.0919955 0.1003467 0.0844370 0.1043647 0.0995428 0.1035432 0.1037907 0.1446621 0.1538018 0.1470899 0.1481973 0.8863593 0.1482045 0.0941123 0.0985155 -0.0141973 0.0152008 0.0181276 0.0059875 -0.0025785 0.0275206 0.0110501 0.0057403 0.0165851 0.0089864 0.0203000 0.0083389 0.0073194 0.0008911 0.0106132 0.0018485 0.0101834 0.0133086 -0.0048654 0.0192360 0.0079873 0.0059214 0.0113299 0.0033154 0.0067472 -0.0057102 -0.0079651 0.0024049 0.0120882 0.0060812 0.0002705 -0.0296556 -0.0642428 -0.0212246 -0.0359554 -0.0327388 -0.0346501 -0.0193266 -0.0322836 -0.0390059 -0.0531205 -0.0384125 -0.0186367 -0.0342407 -0.0198139 -0.0357711 -0.0338558 -0.0280521 -0.0329008 -0.0128603 -0.0447620 -0.0275448 -0.0489330 -0.0005241 -0.0459773 -0.0558730 -0.0594139 -0.0186003 -0.0353253 -0.0310070 -0.0426969 -0.0642276 -0.0321759 -0.1221744 -0.1210880 -0.0516672 -0.0485312 -0.0365835 -0.0865649 -0.0575466 -0.1419763 -0.0555101 -0.0849773 -0.0922442 -0.0926940 -0.0437183 -0.1056231 -0.0542515 -0.1365786
0.0898873 0.0894804 0.0971500 0.0836838 0.1027758 0.0973466 0.1028030 0.1051581 0.1400416 0.1406324 0.1453963 0.1429091 0.1482045 0.8869004 0.0928950 0.0895748 -0.0055707 0.0190995 0.0236573 0.0073561 0.0005992 0.0294285 0.0125358 0.0109361 0.0166748 0.0064232 0.0147286 0.0081120 0.0060432 -0.0014728 0.0053621 -0.0005123 0.0041609 0.0122752 -0.0025417 0.0174717 0.0070443 0.0025957 0.0064792 0.0074965 0.0099143 -0.0048599 -0.0048583 -0.0004148 0.0116007 0.0095432 -0.0016672 -0.0266355 -0.0625884 -0.0228230 -0.0336905 -0.0399288 -0.0384811 -0.0195578 -0.0325892 -0.0352808 -0.0551342 -0.0386542 -0.0215240 -0.0326011 -0.0216895 -0.0374250 -0.0366861 -0.0211958 -0.0359701 -0.0133567 -0.0430247 -0.0251030 -0.0469406 -0.0034477 -0.0457176 -0.0579396 -0.0564811 -0.0177720 -0.0349220 -0.0292220 -0.0401463 -0.0619074 -0.0338724 -0.1185734 -0.1158528 -0.0526884 -0.0447205 -0.0341590 -0.0863496 -0.0533788 -0.1379655 -0.0524348 -0.0861928 -0.0907535 -0.0902235 -0.0398623 -0.1035916 -0.0454927 -0.1338193
0.0829745 0.0794266 0.0910425 0.0783884 0.0867632 0.0860218 0.0871285 0.0937135 0.0977275 0.0909711 0.0991049 0.0934043 0.0941123 0.0928950 0.8695979 0.0857522 -0.0160428 0.0047721 0.0091939 -0.0080554 -0.0126372 0.0175291 -0.0016598 -0.0047009 0.0179706 0.0136241 0.0226221 0.0125957 0.0111686 0.0088402 0.0188167 0.0056213 0.0134065 0.0151123 0.0054063 0.0195210 0.0095363 0.0128017 0.0137783 0.0134423 0.0044780 0.0019092 -0.0004535 0.0022500 0.0136122 0.0140454 -0.0022904 -0.0150267 -0.0577685 -0.0153347 -0.0260971 -0.0341970 -0.0294435 -0.0115734 -0.0237403 -0.0312584 -0.0438472 -0.0289517 -0.0090087 -0.0252565 -0.0115297 -0.0231063 -0.0235887 -0.0193107 -0.0274778 -0.0153098 -0.0339804 -0.0143983 -0.0421259 0.0030337 -0.0349123 -0.0488592 -0.0493183 -0.0196564 -0.0296895 -0.0284384 -0.0407564 -0.0557259 -0.0327309 -0.1083967 -0.1135318 -0.0379869 -0.0330858 -0.0272659 -0.0725727 -0.0477942 -0.1382945 -0.0469101 -0.0758114 -0.0777684 -0.0764710 -0.0373054 -0.0968437 -0.0461674 -0.1275407
0.0849798 0.0872048 0.0899321 0.0812738 0.0926770 0.0928751 0.0944199 0.0959960 0.1035797 0.0971309 0.1012716 0.1023642 0.0985155 0.0895748 0.0857522 0.8797436 -0.0208734 0.0022154 0.0067345 -0.0001456 -0.0086484 0.0192383 0.0001640 -0.0012975 0.0190240 0.0185926 0.0204715 0.0118753 0.0126472 0.0084926 0.0179612 0.0117400 0.0196046 0.0143232 0.0067391 0.0227621 0.0105536 0.0114484 0.0132780 0.0075186 0.0098301 0.0021390 0.0050917 -0.0012363 0.0118760 0.0137224 0.0035103 -0.0211056 -0.0580376 -0.0185446 -0.0263111 -0.0360477 -0.0323278 -0.0137428 -0.0301669 -0.0343029 -0.0473466 -0.0295712 -0.0141345 -0.0252472 -0.0120589 -0.0250246 -0.0243102 -0.0179650 -0.0251059 -0.0104580 -0.0354369 -0.0192114 -0.0445214 0.0021805 -0.0358935 -0.0522354 -0.0518573 -0.0131103 -0.0305571 -0.0239915 -0.0367032 -0.0604039 -0.0300152 -0.1095015 -0.1129312 -0.0405607 -0.0407931 -0.0296030 -0.0740208 -0.0520477 -0.1398973 -0.0471999 -0.0738645 -0.0824377 -0.0807193 -0.0357152 -0.0793827 -0.0513626 -0.1322361
-0.0063719 -0.0193081 -0.0124935 -0.0183842 -0.0112914 -0.0098237 -0.0158633 -0.0111155 -0.0027175 -0.0110990 -0.0020184 -0.0077153 -0.0141973 -0.0055707 -0.0160428 -0.0208734 1.1487892 0.1141541 0.1135248 0.1547571 0.1657772 0.1164086 0.1385933 0.1527701 -0.0706311 -0.0665215 -0.0704175 -0.0573001 -0.0758580 -0.0826673 -0.0926526 -0.0847679 -0.0851559 -0.0468053 -0.0466422 -0.0770623 -0.0574333 -0.0646087 -0.0690543 -0.0678182 -0.0190032 -0.0408484 -0.0709673 -0.0386185 -0.0377941 -0.0567488 -0.0388824 -0.0842811 0.0615172 -0.0308899 -0.0059350 0.0176407 -0.0308894 -0.0104776 -0.0181928 0.0043619 0.0141682 -0.0047713 -0.0822305 -0.0208769 -0.0833793 -0.0928228 -0.0920414 -0.0492038 -0.0443204 -0.0448723 -0.0331767 -0.0807571 -0.0387221 -0.0594932 -0.0276088 0.0211419 0.0166406 -0.0098703 -0.0170124 -0.0242890 0.0023678 0.0240395 0.0104095 0.1108017 0.1188153 -0.0169808 0.0050778 -0.0209031 0.0458995 0.0039720 0.2035540 0.0086472 0.0665915 -0.0091282 -0.0086500 -0.0256661 0.1360400 0.0068905 0.1620329
0.0114928 0.0065847 0.0064265 0.0015656 0.0142007 0.0120073 0.0109238 0.0115880 0.0213949 0.0163603 0.0207542 0.0205607 0.0152008 0.0190995 0.0047721 0.0022154 0.1141541 1.0716537 0.1110118 0.1279900 0.1319156 0.1159170 0.1245526 0.1172660 -0.0518098 -0.0566398 -0.0546413 -0.0522238 -0.0558363 -0.0719816 -0.0737930 -0.0691458 -0.0644825 -0.0371424 -0.0490761 -0.0630826 -0.0506404 -0.0597711 -0.0578002 -0.0602943 -0.0169249 -0.0479947 -0.0554454 -0.0297796 -0.0212011 -0.0511120 -0.0419909 -0.0734396 0.0273791 -0.0306828 -0.0092545 -0.0125438 -0.0290216 -0.0076969 -0.0400357 -0.0073253 -0.0031735 -0.0060461 -0.0688298 -0.0236711 -0.0796743 -0.0874267 -0.0869078 -0.0445218 -0.0400141 -0.0444341 -0.0341079 -0.0692348 -0.0502221 -0.0496546 -0.0336930 0.0056494 0.0001840 -0.0149021 -0.0231000 -0.0099008 -0.0096338 0.0181127 0.0028494 0.0637878 0.0680333 -0.0229787 -0.0022892 -0.0253227 0.0189677 0.0057555 0.1399306 -0.0123031 0.0310924 -0.0160827 -0.0149193 -0.0162246 0.0986984 -0.0168635 0.1143733
0.0144127 0.0082906 0.0153582 0.0059602 0.0161227 0.0127845 0.0175190 0.0195029 0.0245537 0.0160362 0.0277363 0.0221362 0.0181276 0.0236573 0.0091939 0.0067345 0.1135248 0.1110118 1.0658500 0.1257367 0.1380044 0.1109599 0.1189633 0.1144309 -0.0511596 -0.0460355 -0.0448454 -0.0504960 -0.0536761 -0.0701737 -0.0656555 -0.0637286 -0.0622518 -0.0347984 -0.0472467 -0.0507041 -0.0523565 -0.0585776 -0.0555457 -0.0528850 -0.0221989 -0.0422676 -0.0576345 -0.0296775 -0.0113593 -0.0449908 -0.0409228 -0.0682708 0.0329930 -0.0244765 -0.0096622 -0.0096768 -0.0213302 -0.0127085 -0.0327930 0.0015202 -0.0148293 -0.0143249 -0.0676459 -0.0186536 -0.0788389 -0.0797637 -0.0806047 -0.0407985 -0.0439981 -0.0454364 -0.0351066 -0.0640464 -0.0572063 -0.0479409 -0.0389767 -0.0076924 -0.0079235 -0.0136666 -0.0246032 -0.0189564 -0.0086789 0.0052224 -0.0045284 0.0609147 0.0733463 -0.0294182 -0.0022111 -0.0341267 0.0116532 -0.0029804 0.1243842 -0.0100620 0.0101472 -0.0183264 -0.0197285 -0.0192933 0.0884540 -0.0174318 0.0926641
0.0031926 -0.0010465 -0.0014239 -0.0082116 0.0044590 0.0031450 0.0064264 0.0061087 0.0160868 0.0102881 0.0157953 0.0111846 0.0059875 0.0073561 -0.0080554 -0.0001456 0.1547571 0.1279900 0.1257367 1.1385943 0.1508431 0.1412891 0.1647541 0.1373318 -0.0630758 -0.0603300 -0.0649441 -0.0615685 -0.0723306 -0.0838757 -0.0880814 -0.0785287 -0.0759638 -0.0452397 -0.0544041 -0.0708738 -0.0507841 -0.0695911 -0.0646701 -0.0679402 -0.0337480 -0.0540901 -0.0720871 -0.0367372 -0.0295613 -0.0658456 -0.0558250 -0.0746494 0.0467543 -0.0225800 -0.0020893 0.0095143 -0.0136624 -0.0143620 -0.0363995 -0.0152814 -0.0051628 -0.0025067 -0.0788351 -0.0145870 -0.0871721 -0.0935657 -0.0925074 -0.0547693 -0.0436910 -0.0516516 -0.0348648 -0.0714598 -0.0583274 -0.0534114 -0.0398585 0.0021217 0.0029673 0.0002498 -0.0161843 -0.0297048 -0.0072862 0.0167282 -0.0040737 0.0889872 0.0748917 -0.0306043 -0.0228087 -0.0171964 0.0124794 -0.0020309 0.1802045 0.0021861 0.0507837 -0.0037387 -0.0033029 -0.0145517 0.1243878 -0.0316869 0.1397769
0.0009227 -0.0096723 -0.0050330 -0.0128989 -0.0002661 0.0020059 -0.0035803 -0.0000339 0.0077322 -0.0001051 0.0110064 0.0033540 -0.0025785 0.0005992 -0.0126372 -0.0086484 0.1657772 0.1319156 0.1380044 0.1508431 1.1911259 0.1458473 0.1607742 0.1579113 -0.0721776 -0.0642631 -0.0636123 -0.0685549 -0.0777076 -0.0988233 -0.0905455 -0.0874545 -0.0877357 -0.0504338 -0.0592220 -0.0801399 -0.0739011 -0.0739971 -0.0746105 -0.0709763 -0.0236165 -0.0544695 -0.0784698 -0.0408467 -0.0313516 -0.0659170 -0.0508991 -0.0968828 0.0629358 -0.0254207 -0.0098120 0.0211130 -0.0155249 -0.0230387 -0.0437353 -0.0008864 0.0017900 -0.0155725 -0.0927950 -0.0286611 -0.0976424 -0.0970468 -0.0967906 -0.0478914 -0.0496384 -0.0574717 -0.0358643 -0.0954828 -0.0517237 -0.0609100 -0.0288375 0.0169052 0.0095451 -0.0105056 -0.0187180 -0.0356321 0.0016301 0.0414003 -0.0012323 0.1069213 0.1146639 -0.0281741 -0.0065711 -0.0155012 0.0303369 -0.0036802 0.2131620 0.0069671 0.0668539 -0.0055973 -0.0066984 -0.0103051 0.1492082 0.0053185 0.1623996
0.0254909 0.0158237 0.0200085 0.0088291 0.0278173 0.0261444 0.0244052 0.0260144 0.0310975 0.0266256 0.0335132 0.0309563 0.0275206 0.0294285 0.0175291 0.0192383 0.1164086 0.1159170 0.1109599 0.1412891 0.1458473 1.0908138 0.1388853 0.1379194 -0.0592557 -0.0466728 -0.0540537 -0.0477910 -0.0654685 -0.0786123 -0.0752382 -0.0699900 -0.0681866 -0.0380228 -0.0461550 -0.0585749 -0.0560406 -0.0574552 -0.0628639 -0.0570763 -0.0269923 -0.0531494 -0.0624341 -0.0323498 -0.0251793 -0.0569183 -0.0477039 -0.0773613 0.0343541 -0.0327436 -0.0072766 0.0032827 -0.0132370 -0.0192328 -0.0460688 -0.0139005 -0.0183440 -0.0070083 -0.0661485 -0.0188037 -0.0886880 -0.0844208 -0.0842385 -0.0520079 -0.0591085 -0.0506256 -0.0441046 -0.0747110 -0.0580260 -0.0488112 -0.0459268 -0.0068685 -0.0096425 -0.0145118 -0.0263757 -0.0278936 -0.0098835 0.0214905 0.0149147 0.0617786 0.0562306 -0.0376014 -0.0215465 -0.0195054 0.0032390 -0.0058778 0.1296034 -0.0105445 0.0219737 -0.0190942 -0.0185877 -0.0222406 0.0932082 -0.0247389 0.0999706
0.0062025 0.0004571 0.0040055 -0.0035245 0.0077403 0.0094434 0.0053297 0.0083855 0.0178761 0.0102008 0.0205799 0.0184031 0.0110501 0.0125358 -0.0016598 0.0001640 0.1385933 0.1245526 0.1189633 0.1647541 0.1607742 0.1388853 1.1293532 0.1449362 -0.0656262 -0.0638082 -0.0649490 -0.0626357 -0.0711464 -0.0844775 -0.0791844 -0.0753409 -0.0752148 -0.0438808 -0.0549881 -0.0759512 -0.0661586 -0.0679450 -0.0724852 -0.0671766 -0.0215328 -0.0495826 -0.0686618 -0.0336365 -0.0319795 -0.0579432 -0.0509687 -0.0826674 0.0386308 -0.0235165 -0.0007359 0.0090387 -0.0197697 -0.0142438 -0.0395731 -0.0036566 -0.0127353 0.0103189 -0.0723140 -0.0198264 -0.0926697 -0.0909608 -0.0913809 -0.0578011 -0.0533188 -0.0467181 -0.0398648 -0.0799577 -0.0535215 -0.0544239 -0.0417694 0.0064364 -0.0055217 -0.0032285 -0.0266594 -0.0308597 -0.0020558 0.0177089 0.0066885 0.0951788 0.0869640 -0.0273654 -0.0120291 -0.0150238 0.0260193 0.0006375 0.1723553 0.0099819 0.0534833 -0.0132104 -0.0125627 -0.0196098 0.1212210 -0.0163069 0.1440357
0.0108918 -0.0047912 0.0004692 -0.0024091 0.0063137 0.0063008 0.0026246 -0.0000915 0.0150259 0.0079531 0.0130934 0.0109314 0.0057403 0.0109361 -0.0047009 -0.0012975 0.1527701 0.1172660 0.1144309 0.1373318 0.1579113 0.1379194 0.1449362 1.1175283 -0.0601279 -0.0487888 -0.0615433 -0.0521318 -0.0645692 -0.0792087 -0.0810448 -0.0670273 -0.0790369 -0.0424945 -0.0570774 -0.0662957 -0.0571548 -0.0617932 -0.0634690 -0.0653481 -0.0192394 -0.0493896 -0.0665323 -0.0328772 -0.0227618 -0.0544757 -0.0411363 -0.0864856 0.0347746 -0.0278212 -0.0014105 0.0156645 -0.0266064 -0.0126473 -0.0257232 -0.0071522 -0.0032155 -0.0069259 -0.0762025 -0.0318771 -0.0819073 -0.0864438 -0.0868335 -0.0561827 -0.0494301 -0.0531855 -0.0373427 -0.0828130 -0.0460179 -0.0465631 -0.0313085 0.0111550 0.0066082 -0.0153172 -0.0252393 -0.0212660 -0.0020989 0.0247623 -0.0056086 0.0836073 0.0754981 -0.0302027 -0.0120519 -0.0260581 0.0306000 -0.0066512 0.1676427 -0.0070996 0.0326172 -0.0031027 -0.0045568 -0.0227965 0.1118472 -0.0099846 0.1275775
0.0168323 0.0192550 0.0163809 0.0200473 0.0200198 0.0182052 0.0169886 0.0171117 0.0185187 0.0146140 0.0152896 0.0131138 0.0165851 0.0166748 0.0179706 0.0190240 -0.0706311 -0.0518098 -0.0511596 -0.0630758 -0.0721776 -0.0592557 -0.0656262 -0.0601279 0.8430414 0.0294782 0.0366293 0.0498006 0.0647354 0.0776899 0.0759732 0.0531030 0.0343272 0.0244752 0.0215065 0.0355574 0.0235203 0.0271582 0.0211563 0.0298933 0.0051391 0.0146413 0.0247332 0.0091486 0.0143972 0.0274783 0.0121141 0.0188790 -0.0465606 -0.0071021 -0.0178347 -0.0218191 -0.0157510 -0.0049795 -0.0080410 -0.0147836 -0.0191360 -0.0186991 0.0190993 -0.0067317 0.0199006 0.0149076 0.0168990 0.0111726 0.0041554 0.0138059 -0.0041181 0.0162842 0.0055630 0.0242478 -0.0061142 -0.0287999 -0.0306570 -0.0092085 -0.0107761 -0.0032094 -0.0227357 -0.0368931 -0.0244971 -0.0807211 -0.0948722 -0.0085498 -0.0103652 -0.0037466 -0.0483252 -0.0264437 -0.1354346 -0.0198184 -0.0563105 -0.0360802 -0.0371558 -0.0095328 -0.0996562 -0.0164313 -0.1167472
0.0121967 0.0111884 0.0105746 0.0120535 0.0110803 0.0117229 0.0121770 0.0151683 0.0108216 0.0125523 0.0080435 0.0073647 0.0089864 0.0064232 0.0136241 0.0185926 -0.0665215 -0.0566398 -0.0460355 -0.0603300 -0.0642631 -0.0466728 -0.0638082 -0.0487888 0.0294782 0.8535323 0.0695865 0.0199531 0.0395700 0.0307495 0.0409821 0.0314129 0.0314778 0.0217906 0.0134042 0.0338831 0.0207479 0.0235021 0.0236132 0.0291557 0.0037572 0.0165268 0.0191410 0.0025881 0.0067447 0.0249337 0.0138079 0.0135308 -0.0392928 0.0022384 -0.0084475 -0.0188106 -0.0005700 0.0016910 0.0069955 -0.0176326 -0.0150189 -0.0109683 0.0215366 -0.0013209 0.0339975 0.0254412 0.0259836 0.0075106 0.0064146 0.0101482 -0.0073231 0.0134911 -0.0046631 0.0142241 -0.0078117 -0.0274482 -0.0161677 -0.0052747 -0.0021253 -0.0084466 -0.0161020 -0.0370306 -0.0147150 -0.0658101 -0.0753609 -0.0012262 -0.0154512 -0.0006040 -0.0353887 -0.0138215 -0.1287317 -0.0157412 -0.0469553 -0.0296931 -0.0278625 -0.0042826 -0.0809115 -0.0194004 -0.1010171
0.0149151 0.0177749 0.0208031 0.0206779 0.0193029 0.0188826 0.0193934 0.0194225 0.0170861 0.0155247 0.0147314 0.0135400 0.0203000 0.0147286 0.0226221 0.0204715 -0.0704175 -0.0546413 -0.0448454 -0.0649441 -0.0636123 -0.0540537 -0.0649490 -0.0615433 0.0366293 0.0695865 0.8504432 0.0300804 0.0357325 0.0413897 0.0412587 0.0402349 0.0333581 0.0232294 0.0180952 0.0286078 0.0259391 0.0230709 0.0253723 0.0323125 0.0045868 0.0178648 0.0229772 0.0102350 0.0103277 0.0203998 0.0145514 0.0190095 -0.0467770 -0.0020021 -0.0204652 -0.0168648 -0.0122327 -0.0074334 -0.0033487 -0.0216134 -0.0192482 -0.0083435 0.0173072 0.0036420 0.0273754 0.0217131 0.0208771 0.0177319 0.0098949 0.0050297 -0.0030933 0.0162134 0.0009971 0.0209308 -0.0012629 -0.0306410 -0.0295946 -0.0056993 -0.0033366 -0.0026440 -0.0207630 -0.0374053 -0.0193434 -0.0847989 -0.0917166 -0.0058782 -0.0114828 -0.0049309 -0.0387912 -0.0212339 -0.1323135 -0.0236262 -0.0502257 -0.0367949 -0.0354539 -0.0078871 -0.0918083 -0.0144600 -0.1081662
0.0015281 0.0088927 0.0098287 0.0129269 0.0058125 0.0093835 0.0081289 0.0089195 0.0085772 0.0076646 0.0092092 0.0052830 0.0083389 0.0081120 0.0125957 0.0118753 -0.0573001 -0.0522238 -0.0504960 -0.0615685 -0.0685549 -0.0477910 -0.0626357 -0.0521318 0.0498006 0.0199531 0.0300804 0.8630402 0.0658017 0.0489056 0.0436640 0.0566275 0.0170483 0.0208154 0.0105244 0.0275645 0.0242820 0.0214890 0.0220101 0.0129587 0.0162923 0.0165742 0.0219002 0.0066443 0.0060643 0.0309433 0.0291861 0.0211347 -0.0434412 -0.0068073 -0.0023810 -0.0125629 -0.0024847 0.0107961 0.0034196 -0.0238207 -0.0115916 -0.0144354 0.0210042 -0.0051275 0.0259039 0.0240058 0.0228258 0.0106072 0.0060757 0.0065541 -0.0124962 0.0201989 0.0000423 0.0197386 -0.0047367 -0.0182868 -0.0096873 -0.0089123 -0.0079744 -0.0026626 -0.0181521 -0.0354981 -0.0194634 -0.0724707 -0.0726697 -0.0062386 -0.0108228 -0.0062396 -0.0401112 -0.0187848 -0.1146938 -0.0188797 -0.0573935 -0.0329403 -0.0319163 -0.0157508 -0.0871464 -0.0168200 -0.0977320
0.0069068 0.0107705 0.0071689 0.0150115 0.0063533 0.0096388 0.0070465 0.0067415 0.0057125 0.0039098 0.0050866 0.0036339 0.0073194 0.0060432 0.0111686 0.0126472 -0.0758580 -0.0558363 -0.0536761 -0.0723306 -0.0777076 -0.0654685 -0.0711464 -0.0645692 0.0647354 0.0395700 0.0357325 0.0658017 0.8599283 0.0625556 0.0546990 0.0716522 0.0270150 0.0238691 0.0148539 0.0295566 0.0228351 0.0292699 0.0260541 0.0219439 0.0095288 0.0070490 0.0237611 0.0061236 0.0065709 0.0233092 0.0127478 0.0199264 -0.0303513 -0.0040189 -0.0082546 -0.0276606 -0.0000935 0.0062309 0.0003143 -0.0184153 -0.0125931 -0.0061099 0.0242069 -0.0020934 0.0344185 0.0297760 0.0310339 0.0189594 0.0069303 0.0121553 -0.0065688 0.0186872 -0.0012188 0.0237819 -0.0027632 -0.0210441 -0.0201405 -0.0057082 -0.0070320 -0.0037985 -0.0158010 -0.0372731 -0.0146473 -0.0723775 -0.0772723 -0.0014981 -0.0150808 -0.0010327 -0.0404000 -0.0268854 -0.1285890 -0.0236191 -0.0479130 -0.0284423 -0.0290800 -0.0121144 -0.0920572 -0.0178582 -0.1039871
-0.0018105 0.0072420 0.0053275 0.0080827 0.0019144 0.0034984 0.0044504 -0.0004404 0.0009518 -0.0001463 -0.0036744 -0.0007824 0.0008911 -0.0014728 0.0088402 0.0084926 -0.0826673 -0.0719816 -0.0701737 -0.0838757 -0.0988233 -0.0786123 -0.0844775 -0.0792087 0.0776899 0.0307495 0.0413897 0.0489056 0.0625556 0.8616130 0.0780413 0.0592823 0.0269415 0.0269894 0.0223366 0.0350556 0.0297670 0.0417934 0.0256242 0.0360518 0.0046895 0.0202246 0.0346524 0.0129960 0.0130446 0.0275511 0.0219957 0.0384676 -0.0430290 -0.0035699 -0.0133895 -0.0150118 -0.0020115 0.0007779 0.0107532 -0.0176805 -0.0178947 -0.0105129 0.0239947 -0.0022881 0.0423687 0.0384392 0.0380924 0.0255035 0.0096904 0.0174838 0.0021954 0.0374066 0.0163322 0.0320102 0.0057042 -0.0265724 -0.0156657 -0.0113552 -0.0092380 0.0108956 -0.0210731 -0.0347345 -0.0194491 -0.0815731 -0.0844842 0.0046688 -0.0056827 -0.0046771 -0.0357236 -0.0160217 -0.1407595 -0.0171686 -0.0544276 -0.0274505 -0.0264068 -0.0083175 -0.0984835 -0.0122253 -0.1155319
0.0092643 0.0126427 0.0150635 0.0178776 0.0146804 0.0103023 0.0121617 0.0129998 0.0101271 0.0055766 0.0070896 0.0064629 0.0106132 0.0053621 0.0188167 0.0179612 -0.0926526 -0.0737930 -0.0656555 -0.0880814 -0.0905455 -0.0752382 -0.0791844 -0.0810448 0.0759732 0.0409821 0.0412587 0.0436640 0.0546990 0.0780413 0.8471876 0.0553044 0.0359724 0.0297958 0.0230317 0.0439865 0.0344488 0.0378955 0.0368565 0.0365147 0.0085783 0.0184350 0.0376216 0.0133865 0.0168074 0.0367904 0.0203311 0.0346854 -0.0567623 0.0030690 -0.0130985 -0.0132196 -0.0032946 0.0005468 0.0064059 -0.0151586 -0.0232893 -0.0151742 0.0390953 -0.0012531 0.0355833 0.0321706 0.0331198 0.0140534 0.0126524 0.0147359 -0.0028994 0.0331782 0.0107943 0.0356534 0.0000110 -0.0326231 -0.0224574 -0.0040924 -0.0018785 -0.0028126 -0.0211900 -0.0412254 -0.0228849 -0.0893835 -0.0999928 -0.0040039 -0.0146332 0.0012630 -0.0490760 -0.0246575 -0.1502814 -0.0209622 -0.0593079 -0.0301895 -0.0308045 -0.0092655 -0.1147076 -0.0074590 -0.1285163
0.0028762 0.0077886 0.0003174 0.0080990 0.0027642 0.0008611 0.0032708 0.0030016 0.0015516 0.0001805 -0.0021740 -0.0020348 0.0018485 -0.0005123 0.0056213 0.0117400 -0.0847679 -0.0691458 -0.0637286 -0.0785287 -0.0874545 -0.0699900 -0.0753409 -0.0670273 0.0531030 0.0314129 0.0402349 0.0566275 0.0716522 0.0592823 0.0553044 0.8650414 0.0350784 0.0242343 0.0127229 0.0362987 0.0265709 0.0305944 0.0298807 0.0236441 0.0033668 0.0152227 0.0240129 0.0104682 0.0074800 0.0296683 0.0174073 0.0242791 -0.0419593 0.0001529 -0.0134657 -0.0122071 -0.0074242 0.0062626 0.0057489 -0.0127384 -0.0137953 -0.0036702 0.0216846 0.0043177 0.0361345 0.0396467 0.0396749 0.0128184 0.0084912 0.0120090 0.0076623 0.0235716 0.0108264 0.0237423 0.0102682 -0.0197288 -0.0172827 -0.0095057 -0.0085121 0.0097276 -0.0123426 -0.0325180 -0.0219746 -0.0676953 -0.0761389 -0.0002300 -0.0145217 -0.0041758 -0.0347737 -0.0215767 -0.1223098 -0.0226123 -0.0426309 -0.0334452 -0.0339803 -0.0092338 -0.0855408 -0.0044725 -0.1016498
0.0072825 0.0090137 0.0143272 0.0126933 0.0101330 0.0118885 0.0123582 0.0120260 0.0063893 0.0080424 0.0065486 0.0060565 0.0101834 0.0041609 0.0134065 0.0196046 -0.0851559 -0.0644825 -0.0622518 -0.0759638 -0.0877357 -0.0681866 -0.0752148 -0.0790369 0.0343272 0.0314778 0.0333581 0.0170483 0.0270150 0.0269415 0.0359724 0.0350784 0.8392410 0.0256358 0.0277865 0.0468665 0.0289002 0.0412440 0.0401698 0.0417628 0.0091946 0.0229490 0.0337108 0.0130421 0.0159265 0.0236759 0.0133447 0.0329857 -0.0437362 0.0095147 -0.0096695 -0.0214115 -0.0031343 -0.0001648 0.0028088 -0.0150640 -0.0146113 -0.0115095 0.0351546 -0.0056672 0.0333190 0.0320637 0.0326521 0.0187847 0.0133442 0.0150333 0.0037166 0.0295022 0.0061200 0.0263851 0.0005742 -0.0247694 -0.0236142 -0.0016822 -0.0029556 -0.0011424 -0.0176818 -0.0349100 -0.0204949 -0.0787401 -0.0803614 -0.0047807 -0.0111194 -0.0022928 -0.0394766 -0.0140786 -0.1409198 -0.0138054 -0.0491707 -0.0246285 -0.0261769 -0.0090507 -0.1023065 -0.0176360 -0.1038031
0.0121723 0.0144898 0.0149197 0.0152856 0.0142121 0.0134339 0.0148635 0.0147770 0.0125752 0.0126899 0.0113761 0.0121784 0.0133086 0.0122752 0.0151123 0.0143232 -0.0468053 -0.0371424 -0.0347984 -0.0452397 -0.0504338 -0.0380228 -0.0438808 -0.0424945 0.0244752 0.0217906 0.0232294 0.0208154 0.0238691 0.0269894 0.0297958 0.0242343 0.0256358 0.9499452 0.0165030 0.0257061 0.0208471 0.0226205 0.0227947 0.0224230 0.0090142 0.0144725 0.0217770 0.0092470 0.0102292 0.0194837 0.0143261 0.0235262 -0.0274400 0.0034651 -0.0036154 -0.0098493 0.0003529 0.0018722 0.0049914 -0.0084045 -0.0091647 -0.0051187 0.0236030 0.0013825 0.0264914 0.0249946 0.0251574 0.0117871 0.0098386 0.0123540 0.0021521 0.0232880 0.0063458 0.0180812 0.0017012 -0.0146760 -0.0124528 0.0001433 0.0007116 0.0011799 -0.0081516 -0.0213383 -0.0082012 -0.0541028 -0.0572231 -0.0004582 -0.0063208 0.0022849 -0.0241194 -0.0112798 -0.0897885 -0.0093243 -0.0323382 -0.0150644 -0.0149255 -0.0031859 -0.0615204 -0.0074840 -0.0728408
-0.0012553 0.0028217 0.0013047 0.0052301 -0.0025909 -0.0035159 0.0009976 -0.0002309 -0.0041629 -0.0031385 -0.0032245 -0.0022704 -0.0048654 -0.0025417 0.0054063 0.0067391 -0.0466422 -0.0490761 -0.0472467 -0.0544041 -0.0592220 -0.0461550 -0.0549881 -0.0570774 0.0215065 0.0134042 0.0180952 0.0105244 0.0148539 0.0223366 0.0230317 0.0127229 0.0277865 0.0165030 0.8779504 0.0265870 0.0226554 0.0227606 0.0149104 0.0226795 -0.0009353 0.0043889 0.0224966 -0.0048672 0.0040171 0.0086676 0.0072390 0.0178223 -0.0249315 -0.0013370 -0.0027755 -0.0155329 0.0000381 0.0003102 0.0011551 -0.0108231 -0.0003194 0.0026972 0.0185325 0.0034546 0.0192597 0.0157451 0.0154844 0.0102709 0.0048490 0.0092243 -0.0019742 0.0179996 0.0040111 0.0194956 0.0020027 -0.0120913 -0.0181615 -0.0034977 -0.0042332 0.0005471 -0.0041369 -0.0165269 -0.0031133 -0.0521195 -0.0531053 0.0019399 0.0020853 0.0054379 -0.0169722 -0.0110199 -0.0875622 -0.0124701 -0.0229680 -0.0188222 -0.0190446 -0.0025507 -0.0642451 -0.0023752 -0.0667193
0.0139848 0.0175155 0.0209823 0.0182985 0.0186448 0.0149630 0.0192829 0.0200332 0.0163371 0.0183826 0.0162864 0.0180989 0.0192360 0.0174717 0.0195210 0.0227621 -0.0770623 -0.0630826 -0.0507041 -0.0708738 -0.0801399 -0.0585749 -0.0759512 -0.0662957 0.0355574 0.0338831 0.0286078 0.0275645 0.0295566 0.0350556 0.0439865 0.0362987 0.0468665 0.0257061 0.0265870 0.8513159 0.0365142 0.0349462 0.0380166 0.0355445 0.0096202 0.0168819 0.0330332 0.0092004 0.0121043 0.0254527 0.0192588 0.0227268 -0.0417880 0.0039131 -0.0101996 -0.0213683 -0.0000061 0.0000615 -0.0016493 -0.0068093 -0.0212643 -0.0143985 0.0328231 -0.0058015 0.0337828 0.0341875 0.0333592 0.0128057 0.0161649 0.0199362 -0.0022779 0.0239969 0.0053371 0.0315903 -0.0058777 -0.0246060 -0.0216492 -0.0073808 -0.0027885 -0.0024107 -0.0182965 -0.0353003 -0.0185731 -0.0912964 -0.0931344 -0.0031144 -0.0114358 -0.0040491 -0.0429712 -0.0272430 -0.1427764 -0.0202889 -0.0587434 -0.0352429 -0.0349772 -0.0119973 -0.1049205 -0.0214412 -0.1221035
0.0071998 0.0074761 0.0097935 0.0110294 0.0066402 0.0022772 0.0036744 0.0063812 0.0055187 0.0035099 0.0058040 0.0051851 0.0079873 0.0070443 0.0095363 0.0105536 -0.0574333 -0.0506404 -0.0523565 -0.0507841 -0.0739011 -0.0560406 -0.0661586 -0.0571548 0.0235203 0.0207479 0.0259391 0.0242820 0.0228351 0.0297670 0.0344488 0.0265709 0.0289002 0.0208471 0.0226554 0.0365142 0.8589790 0.0276718 0.0338220 0.0278358 -0.0002777 0.0072137 0.0238327 0.0025232 0.0124626 0.0166558 0.0069249 0.0198373 -0.0352568 -0.0005813 -0.0081318 -0.0096524 -0.0054665 0.0024054 0.0078848 -0.0204948 -0.0167274 -0.0097355 0.0282254 0.0013451 0.0237738 0.0218808 0.0231974 0.0082406 0.0162988 0.0104245 0.0012504 0.0197948 0.0072490 0.0269425 -0.0013997 -0.0164897 -0.0158084 -0.0021431 0.0014396 0.0009637 -0.0110554 -0.0322708 -0.0171715 -0.0818040 -0.0840328 -0.0043359 -0.0150392 0.0029540 -0.0274457 -0.0207053 -0.1156526 -0.0085237 -0.0361522 -0.0247519 -0.0239475 -0.0070329 -0.0860061 -0.0095150 -0.0951156
0.0044916 0.0098135 0.0045090 0.0129318 0.0061788 0.0027579 0.0051925 0.0045503 0.0034687 0.0042727 0.0014697 0.0014105 0.0059214 0.0025957 0.0128017 0.0114484 -0.0646087 -0.0597711 -0.0585776 -0.0695911 -0.0739971 -0.0574552 -0.0679450 -0.0617932 0.0271582 0.0235021 0.0230709 0.0214890 0.0292699 0.0417934 0.0378955 0.0305944 0.0412440 0.0226205 0.0227606 0.0349462 0.0276718 0.8679639 0.0328338 0.0368432 0.0038875 0.0193680 0.0338219 0.0089216 0.0081058 0.0232771 0.0174978 0.0246179 -0.0376493 0.0059152 -0.0049575 -0.0098456 -0.0015612 -0.0018075 0.0096871 -0.0117096 -0.0155737 -0.0060814 0.0282324 -0.0068905 0.0305486 0.0283091 0.0282570 0.0135415 0.0085549 0.0171734 0.0040156 0.0236566 0.0130220 0.0303405 0.0003823 -0.0263286 -0.0146917 -0.0004890 -0.0013524 -0.0042100 -0.0158185 -0.0208403 -0.0120444 -0.0745267 -0.0878307 0.0001981 -0.0126834 0.0063063 -0.0283952 -0.0230983 -0.1199633 -0.0127613 -0.0402423 -0.0149315 -0.0153807 -0.0108827 -0.0901979 -0.0123313 -0.0999020
0.0103269 0.0116488 0.0131729 0.0152205 0.0142705 0.0052531 0.0114306 0.0114342 0.0063477 0.0121423 0.0091879 0.0077897 0.0113299 0.0064792 0.0137783 0.0132780 -0.0690543 -0.0578002 -0.0555457 -0.0646701 -0.0746105 -0.0628639 -0.0724852 -0.0634690 0.0211563 0.0236132 0.0253723 0.0220101 0.0260541 0.0256242 0.0368565 0.0298807 0.0401698 0.0227947 0.0149104 0.0380166 0.0338220 0.0328338 0.8475780 0.0317163 0.0031582 0.0109459 0.0229695 0.0130838 0.0067898 0.0301933 0.0140186 0.0286581 -0.0470793 0.0056899 -0.0061764 -0.0075264 -0.0052261 -0.0007124 0.0116769 -0.0102692 -0.0115702 -0.0165645 0.0264998 -0.0109130 0.0309169 0.0254797 0.0248840 0.0169279 0.0134543 0.0133310 -0.0040346 0.0258407 0.0018267 0.0149790 -0.0063442 -0.0263089 -0.0242202 -0.0030186 -0.0014533 -0.0052759 -0.0073907 -0.0357133 -0.0122792 -0.0678978 -0.0764207 -0.0082717 -0.0183454 0.0047765 -0.0409843 -0.0165112 -0.1302505 -0.0191472 -0.0522012 -0.0210544 -0.0217090 -0.0055731 -0.0926474 -0.0214904 -0.0962656
