0.2044596 0.7937531 0.0017873
0.2317552 0.7681425 0.0001022
0.1774156 0.8224822 0.0001021
0.2766349 0.7232628 0.0001022
0.1544882 0.8454097 0.0001021
0.1584683 0.8414295 0.0001022
0.1426701 0.8572279 0.0001020
0.1399177 0.8599803 0.0001020
0.1275769 0.8723209 0.0001022
0.1426720 0.8572258 0.0001022
0.1190177 0.8808801 0.0001022
0.1153301 0.8845677 0.0001021
0.1420543 0.8578436 0.0001021
0.1424444 0.8574533 0.0001022
0.2760196 0.7238781 0.0001023
0.2579683 0.7419294 0.0001023
0.0001009 0.4472945 0.5526046
0.0001011 0.5431955 0.4567034
0.0001013 0.5681821 0.4317166
0.0000996 0.5083137 0.4915866
0.0000987 0.4610173 0.5388840
0.0000996 0.5757710 0.4241294
0.0000996 0.5111717 0.4887286
0.0001003 0.5070179 0.4928817
0.7324186 0.2674795 0.0001018
0.7322554 0.2544346 0.0133099
0.7271447 0.2727534 0.0001019
0.7472803 0.2402582 0.0124614
0.7834548 0.2164433 0.0001019
0.8463841 0.1535143 0.0001016
0.8145446 0.1853539 0.0001015
0.8183931 0.1815051 0.0001018
0.7962068 0.2036914 0.0001018
0.6615126 0.2654844 0.0730030
0.7264678 0.2002381 0.0732941
0.7500165 0.2498817 0.0001018
0.7596386 0.2262530 0.0141084
0.7795568 0.2079911 0.0124521
0.7661873 0.2321279 0.0016847
0.7748504 0.2110596 0.0140899
0.5635334 0.3222113 0.1142553
0.7042680 0.2166114 0.0791206
0.8131629 0.1536638 0.0331733
0.6367360 0.2367461 0.1265179
0.5781432 0.3224089 0.0994478
0.7248636 0.2492535 0.0258828
0.6981054 0.2182601 0.0836345
0.9581262 0.0078708 0.0340030
0.4351532 0.0774809 0.4873659
0.6546112 0.1461016 0.1992872
0.6055397 0.1242730 0.2701872
0.5353920 0.1476246 0.3169835
0.6699955 0.0917286 0.2382759
0.5933135 0.2100711 0.1966154
0.7304238 0.0757182 0.1938580
0.5700699 0.1181622 0.3117679
0.6240579 0.0473703 0.3285719
0.6133373 0.1078849 0.2787778
0.9103429 0.0606581 0.0289990
0.6830853 0.1045347 0.2123801
0.9508078 0.0424475 0.0067447
0.9783815 0.0001011 0.0215174
0.9768236 0.0001011 0.0230753
0.7726708 0.0992852 0.1280440
0.7923469 0.0507445 0.1569086
0.7378086 0.1475393 0.1146521
0.7435746 0.0302370 0.2261883
0.9449337 0.0208197 0.0342466
0.8086209 0.0001016 0.1912775
0.7508041 0.2030187 0.0461772
0.7372541 0.0251843 0.2375615
0.5698934 0.0479674 0.3821392
0.6026776 0.0314320 0.3658904
0.5879385 0.1941596 0.2179018
0.6695728 0.0969565 0.2334707
0.6544468 0.1189777 0.2265754
0.5829463 0.1069677 0.3100860
0.5217249 0.0374137 0.4408613
0.5478048 0.1466669 0.3055283
0.2621719 0.0001008 0.7377273
0.2378466 0.0001007 0.7620528
0.7182186 0.0189879 0.2627935
0.6248260 0.0671615 0.3080126
0.6803197 0.1004818 0.2191984
0.5256580 0.0001016 0.4742404
0.6127421 0.0329821 0.3542758
0.0001002 0.0001002 0.9997996
0.6161771 0.0387726 0.3450503
0.4514916 0.0001023 0.5484061
0.6070547 0.0000995 0.3928457
0.6077720 0.0000996 0.3921284
0.6605906 0.0591017 0.2803076
0.1644188 0.0363568 0.7992244
0.6547822 0.0234034 0.3218144
0.1169659 0.0001009 0.8829332
